2,3
2,4
3,4
0,2
0,3
0,4
6,7
21,22
26,365
26,378
26,539
32,501
32,502
32,503
32,504
32,505
32,507
54,56
60,61
62,1360
62,357
68,69
76,1617
76,399
77,78
85,88
85,90
85,91
85,92
85,94
87,96
88,89
88,90
88,91
88,92
88,94
91,92
90,91
91,94
90,92
90,93
90,94
92,94
98,99
103,104
111,128
111,216
112,129
116,130
116,307
116,196
117,131
119,133
120,134
118,132
121,135
122,136
123,137
128,216
130,307
130,196
138,220
143,253
146,256
145,255
144,254
147,257
149,259
150,260
148,258
151,261
152,262
153,263
155,265
154,264
156,266
159,269
157,267
158,160
160,268
162,272
158,268
163,273
164,274
160,270
161,271
166,276
158,270
168,278
165,275
167,277
170,280
169,279
171,281
172,282
173,283
174,285
175,286
176,287
177,288
180,291
179,290
181,292
182,293
183,294
184,295
185,296
186,297
178,289
187,298
189,308
189,197
189,300
188,299
191,302
192,303
194,305
190,301
196,307
193,304
197,308
195,306
198,309
197,300
199,310
200,313
226,227
231,232
235,240
235,236
235,237
235,238
236,237
237,240
236,238
236,240
238,240
237,238
245,247
268,270
300,308
330,331
333,334
342,935
342,1480
342,1390
342,1454
342,943
342,402
342,1362
342,1620
342,1110
342,1334
342,1562
342,1499
353,1495
352,1494
354,1354
356,1356
356,1498
357,1360
358,367
360,370
359,369
366,1749
365,1748
365,378
365,539
378,539
382,388
383,389
385,389
386,390
384,390
386,392
387,388
387,393
385,391
399,1617
397,398
402,935
402,1480
402,1390
402,1454
402,943
402,1362
402,1620
402,1110
402,1334
402,1562
402,1499
404,405
404,406
404,407
406,407
411,412
405,406
405,407
424,425
424,426
425,426
435,436
434,435
434,436
438,439
446,449
459,461
457,458
467,1505
467,1590
467,1466
460,462
468,469
486,1479
485,1508
485,1611
489,493
485,1518
485,1490
485,1687
485,1597
490,491
492,493
494,495
501,502
501,503
501,504
502,503
502,504
501,505
502,505
501,507
502,507
505,507
503,504
504,505
503,505
504,507
503,507
518,520
516,518
516,520
521,522
521,523
521,526
521,527
521,528
522,523
524,529
523,526
523,527
522,526
523,528
522,527
522,528
526,527
526,528
527,528
525,530
532,534
532,535
532,536
533,534
533,535
534,535
534,536
541,542
535,536
547,548
547,549
547,550
547,551
547,552
547,553
549,550
547,554
549,551
547,555
547,556
547,557
549,552
549,553
549,554
548,549
549,555
548,550
547,558
548,551
549,556
548,552
547,559
549,557
548,553
549,558
548,554
549,559
548,555
547,566
549,560
548,556
548,557
547,567
549,561
548,558
547,568
549,566
548,559
547,569
548,566
548,567
548,568
550,551
550,552
549,567
548,569
550,553
549,568
550,554
549,569
550,555
550,556
550,557
550,558
550,559
550,560
550,561
550,566
550,567
550,568
550,569
552,553
552,554
552,555
552,556
552,557
552,558
552,559
552,560
552,561
552,566
553,554
553,555
553,556
553,557
553,558
553,559
553,560
553,561
553,566
551,552
551,553
551,554
551,555
551,556
551,557
555,556
551,558
555,557
551,559
555,558
555,559
551,560
555,560
555,561
555,566
551,561
555,567
555,568
555,569
551,566
551,567
551,568
551,569
556,557
556,558
556,559
556,560
556,561
556,566
557,558
557,559
557,560
557,561
557,566
558,559
558,560
558,561
558,566
559,560
559,561
559,566
560,561
554,555
554,556
554,557
554,558
554,559
554,560
554,561
554,566
554,567
554,568
554,569
566,567
566,568
566,569
568,569
570,571
570,572
570,573
571,572
571,573
572,573
574,575
577,593
577,887
567,568
567,569
579,896
580,897
579,602
581,898
580,603
582,900
581,604
582,606
587,610
586,609
578,601
586,903
578,895
587,904
588,611
588,905
590,591
593,887
594,888
596,890
595,889
597,891
600,894
603,897
598,892
604,898
605,899
601,895
607,901
602,896
599,893
606,900
609,903
610,904
617,618
617,619
617,622
611,905
617,623
620,624
618,619
618,622
618,623
619,622
619,623
622,623
621,625
626,629
627,630
635,641
637,638
644,645
654,674
654,656
655,657
655,659
654,658
654,660
655,669
654,662
654,694
654,664
654,666
654,668
654,700
656,674
656,658
656,660
656,662
656,694
656,664
656,666
656,668
656,700
657,659
657,669
658,674
660,674
659,669
658,660
660,662
660,694
660,664
660,666
660,668
658,662
660,700
658,694
662,674
658,664
658,666
658,668
658,700
662,694
664,674
662,664
662,666
662,668
662,700
666,674
664,694
664,666
664,668
664,700
666,694
666,668
666,700
668,674
671,673
671,745
671,748
671,756
668,694
668,700
674,694
674,700
670,744
673,745
677,678
677,679
677,684
678,679
678,680
679,680
678,681
679,681
679,682
678,682
681,682
680,681
680,682
686,687
690,693
690,697
690,698
690,699
689,690
689,692
692,693
689,697
692,697
689,698
689,699
693,698
694,700
698,699
697,698
697,699
703,704
707,709
708,710
708,713
708,715
708,717
708,719
710,713
710,715
708,735
708,737
708,739
710,717
708,741
710,719
710,735
710,737
710,739
710,741
712,718
712,734
712,736
712,738
712,740
714,716
714,718
715,717
715,719
714,734
715,735
715,737
715,739
713,715
715,741
713,717
713,719
713,735
713,737
716,718
713,739
713,741
716,734
717,719
717,735
717,737
717,739
718,734
718,736
717,741
718,738
718,740
719,735
719,737
719,739
719,741
721,727
722,724
722,726
722,728
720,722
720,724
720,726
720,728
725,729
724,726
724,728
726,728
730,732
734,736
734,738
734,740
735,737
735,739
735,741
737,739
737,741
736,738
736,740
739,741
738,740
745,748
746,754
747,750
747,752
748,756
747,755
750,752
750,755
752,755
751,753
759,760
766,768
769,770
771,772
766,767
767,768
783,798
788,790
787,789
797,800
799,801
799,802
801,802
812,815
813,814
813,818
816,817
822,823
814,818
842,843
841,842
841,843
848,850
849,851
854,855
854,856
854,857
854,862
854,863
854,864
856,857
854,865
855,856
855,857
856,862
856,863
856,864
855,862
856,865
855,863
855,864
855,865
857,862
857,863
859,860
857,864
857,865
859,861
860,861
862,863
862,864
862,865
862,880
863,864
863,865
863,880
858,859
864,865
858,860
858,861
865,880
864,880
870,872
873,874
875,877
878,879
881,885
883,884
906,907
919,920
921,930
921,931
921,922
922,930
923,932
922,931
924,927
929,933
930,931
935,1480
935,1390
935,1454
935,943
935,1362
935,1620
935,1110
935,1334
935,1562
935,1499
937,938
943,1480
943,1390
943,1454
943,1362
944,991
943,1620
943,1110
943,1334
943,1562
943,1499
948,955
936,937
936,938
956,960
957,960
957,961
958,960
958,961
956,957
956,958
956,959
957,1301
958,1302
958,959
960,961
957,1304
957,958
957,959
960,1304
961,1305
961,1008
962,1306
962,1009
963,1307
965,1309
963,1010
959,960
959,961
964,1011
959,1302
959,1303
968,1014
968,1311
970,971
974,1314
974,1017
965,1012
975,1315
980,1283
979,1280
975,1018
982,1285
981,1284
983,1286
993,1289
992,1288
984,985
984,986
993,994
993,996
993,997
993,998
993,999
993,1000
995,996
993,1001
995,997
995,1000
996,997
996,998
995,1001
998,999
998,1000
996,999
996,1000
996,1001
998,1001
997,998
999,1000
997,999
997,1000
997,1001
999,1001
998,1294
999,1295
1002,1105
1000,1001
1002,1151
1003,1300
1003,1004
1003,1005
1003,1006
1003,1007
994,996
1004,1301
994,997
994,998
994,999
994,1000
1004,1005
1004,1006
994,1001
1004,1007
994,1290
1005,1302
1005,1006
1005,1007
1007,1008
1009,1306
1006,1303
1006,1007
1010,1307
1012,1309
1017,1314
1014,1311
1018,1315
1023,1062
1023,1321
1023,1180
1022,1320
1028,1067
1025,1064
1024,1063
1027,1066
1024,1323
1025,1324
1025,1712
1029,1068
1029,1325
1029,1119
1030,1033
1030,1069
1030,1326
1030,1072
1030,1329
1032,1328
1026,1065
1032,1071
1031,1070
1031,1327
1035,1074
1035,1331
1033,1069
1033,1326
1033,1072
1033,1329
1037,1076
1037,1333
1038,1111
1039,1113
1034,1073
1034,1330
1036,1075
1036,1332
1040,1041
1040,1044
1040,1114
1041,1044
1042,1043
1046,1047
1046,1048
1047,1048
1062,1180
1062,1321
1064,1324
1064,1712
1063,1323
1069,1120
1068,1119
1069,1326
1069,1072
1069,1329
1068,1325
1071,1328
1072,1120
1072,1326
1074,1331
1072,1329
1076,1333
1070,1327
1073,1330
1075,1332
1082,1091
1082,1084
1084,1091
1085,1088
1085,1089
1085,1090
1085,1086
1085,1087
1086,1088
1086,1089
1086,1090
1087,1088
1086,1087
1087,1089
1087,1090
1088,1089
1088,1090
1089,1090
1092,1148
1093,1149
1105,1151
1104,1150
1108,1185
1110,1480
1110,1390
1110,1454
1110,1362
1110,1620
1110,1334
1110,1562
1110,1499
1119,1325
1120,1121
1123,1126
1138,1139
1140,1141
1140,1142
1140,1143
1140,1144
1140,1145
1140,1146
1140,1147
1143,1144
1143,1145
1143,1146
1143,1147
1144,1145
1144,1146
1144,1147
1145,1146
1145,1147
1142,1143
1142,1144
1141,1142
1142,1145
1141,1143
1142,1146
1141,1144
1142,1147
1141,1145
1141,1146
1141,1147
1146,1147
1153,1154
1153,1155
1154,1155
1168,1169
1169,1170
1168,1170
1169,1173
1170,1173
1171,1172
1171,1173
1172,1173
1168,1173
1180,1321
1182,1184
1183,1184
1182,1183
1189,1210
1193,1194
1201,1202
1202,1204
1203,1204
1205,1206
1207,1209
1208,1209
1223,1252
1223,1254
1223,1260
1223,1229
1223,1262
1223,1231
1223,1233
1223,1235
1223,1299
1223,1237
1223,1239
1228,1230
1229,1252
1229,1254
1229,1260
1231,1252
1231,1254
1229,1262
1229,1231
1231,1260
1231,1262
1229,1233
1231,1233
1229,1235
1229,1299
1231,1235
1231,1299
1229,1237
1231,1237
1231,1239
1229,1239
1233,1252
1233,1254
1233,1260
1233,1262
1233,1235
1233,1299
1233,1237
1233,1239
1235,1252
1235,1254
1235,1260
1235,1262
1235,1299
1237,1252
1235,1237
1237,1254
1237,1260
1236,1238
1237,1262
1237,1299
1237,1239
1235,1239
1234,1236
1239,1252
1239,1254
1239,1260
1239,1262
1239,1299
1248,1249
1247,1249
1253,1298
1254,1260
1254,1262
1254,1299
1252,1254
1252,1260
1252,1262
1252,1299
1260,1262
1260,1299
1262,1299
1263,1264
1267,1268
1267,1269
1267,1270
1268,1269
1267,1271
1268,1270
1267,1272
1268,1271
1267,1273
1268,1272
1267,1274
1268,1273
1267,1275
1268,1274
1268,1275
1271,1272
1271,1273
1273,1274
1274,1275
1273,1275
1272,1273
1271,1274
1272,1274
1270,1271
1272,1275
1271,1275
1270,1272
1270,1273
1270,1274
1270,1275
1269,1270
1269,1271
1269,1272
1269,1273
1269,1274
1269,1275
1281,1282
1289,1290
1290,1294
1290,1295
1291,1292
1291,1293
1291,1296
1291,1297
1289,1294
1292,1296
1292,1297
1289,1295
1293,1296
1293,1297
1292,1293
1296,1297
1294,1295
1300,1301
1300,1302
1301,1302
1300,1303
1301,1303
1301,1304
1300,1304
1302,1303
1302,1304
1304,1305
1303,1304
1318,1319
1324,1712
1326,1329
1334,1480
1334,1390
1334,1454
1334,1362
1334,1620
1334,1562
1334,1499
1344,1345
1344,1348
1344,1349
1345,1348
1345,1349
1348,1349
1343,1347
1356,1498
1362,1480
1362,1390
1362,1454
1362,1620
1363,1364
1362,1562
1362,1499
1373,1377
1390,1480
1390,1454
1390,1620
1390,1562
1390,1499
1391,1397
1393,1399
1394,1399
1413,1414
1412,1413
1412,1414
1415,1417
1416,1417
1418,1419
1419,1420
1422,1423
1425,1427
1429,1430
1428,1430
1442,1443
1446,1447
1454,1480
1454,1620
1454,1562
1454,1499
1463,1467
1466,1505
1466,1590
1456,1464
1480,1620
1480,1562
1480,1499
1490,1508
1490,1611
1490,1518
1491,1509
1490,1687
1492,1612
1491,1519
1490,1597
1486,1487
1499,1620
1499,1562
1501,1507
1505,1590
1509,1519
1508,1611
1508,1518
1508,1687
1508,1597
1518,1611
1518,1687
1518,1597
1521,1526
1521,1527
1521,1532
1520,1521
1520,1526
1520,1527
1520,1532
1524,1526
1524,1532
1526,1527
1526,1532
1527,1532
1525,1528
1525,1531
1535,1536
1538,1539
1528,1531
1541,1542
1555,1556
1562,1620
1565,1567
1578,1579
1580,1581
1587,1588
1597,1611
1597,1687
1602,1603
1603,1604
1602,1604
1607,1608
1611,1687
1606,1607
1606,1608
1626,1627
1642,1643
1657,1659
1661,1663
1665,1669
1665,1670
1674,1675
1679,1680
1690,1691
1693,1695
1696,1698
1697,1699
1697,1701
1697,1703
1699,1701
1701,1703
1699,1703
1692,1694
1707,1708
1707,1709
1708,1709
1706,1707
1720,1721
1727,1728
1731,1732
1730,1731
1730,1732
1733,1735
1734,1736
1754,1756
1755,1757
1758,1759
1794,1795
1796,1797
1806,1808
1805,1807
1806,1810
1806,1812
1806,1814
1805,1809
1805,1811
1808,1810
1805,1813
1806,1829
1807,1809
1808,1812
1807,1811
1808,1814
1807,1813
1809,1811
1809,1813
1811,1813
1810,1812
1810,1814
1812,1814
1817,1828
1818,1829
1819,1830
1820,1831
1822,1823
1824,1835
1821,1832
1820,1822
1820,1823
1825,1826
1822,1833
1825,1836
1823,1834
1827,1838
1826,1837
1831,1833
1831,1834
1833,1834
1836,1837
