2,796
1,795
4,5
3,4
4,6
3,5
3,6
4,798
5,6
3,797
5,799
6,800
9,10
10,11
9,13
10,14
11,12
11,15
12,16
13,14
8,806
14,15
15,16
18,27
21,23
22,23
32,255
33,256
41,43
41,46
42,43
47,48
85,125
100,102
110,246
136,144
136,138
136,140
138,144
138,140
136,143
138,143
140,144
140,143
144,224
146,147
144,183
143,144
143,181
143,182
148,169
150,151
151,152
150,152
153,154
145,146
145,147
157,160
157,161
157,162
157,163
159,160
158,159
157,164
159,161
158,160
161,162
159,162
158,161
161,163
157,165
159,163
158,162
161,164
157,166
159,164
158,163
158,164
161,165
159,165
157,167
162,163
159,166
162,164
161,166
159,167
162,165
161,167
162,166
162,167
158,165
157,158
158,166
158,167
163,164
163,165
164,165
157,159
163,166
164,166
163,167
164,167
165,166
165,167
166,167
160,161
160,162
160,163
160,164
160,165
160,166
160,167
170,204
170,206
170,207
170,209
170,222
170,223
170,224
170,225
172,204
172,206
170,227
170,171
172,207
172,209
170,172
170,173
170,174
170,175
173,204
173,206
170,176
173,207
172,222
173,209
170,177
172,223
172,224
172,225
170,189
172,227
173,222
173,223
173,224
173,225
172,173
173,227
172,174
174,204
172,175
174,206
173,174
173,175
174,207
174,209
171,204
172,176
173,176
172,177
171,206
171,207
173,177
171,209
172,189
174,222
173,189
174,223
174,224
174,225
174,227
171,222
171,223
174,175
171,224
171,225
174,176
174,177
171,227
174,185
171,172
175,204
171,173
174,189
175,206
171,174
175,207
175,209
171,175
171,176
171,177
171,189
175,222
177,189
175,223
175,224
175,225
175,227
175,176
175,177
177,204
175,185
177,206
177,207
177,209
175,189
177,222
177,223
177,224
177,225
177,227
176,177
176,189
179,180
179,181
179,182
179,183
179,184
176,204
180,181
180,182
176,206
180,183
176,207
180,184
176,209
181,182
181,183
181,184
182,183
182,184
176,222
176,223
176,224
176,225
176,227
183,184
178,179
178,180
178,181
178,182
178,183
178,184
185,224
186,226
187,192
187,194
187,195
187,196
187,197
187,198
187,199
187,200
187,201
187,202
187,203
187,205
187,212
187,213
187,214
187,215
187,216
187,217
187,220
187,226
187,188
187,190
187,191
189,204
189,206
189,207
189,209
190,192
190,194
190,195
189,222
190,196
190,197
189,223
190,198
189,224
190,199
189,225
190,200
190,201
189,227
190,202
190,203
190,205
190,212
190,213
190,214
190,215
190,216
190,217
190,220
191,192
188,192
191,194
190,226
188,194
191,195
191,196
188,195
191,197
188,196
191,198
188,197
191,199
188,198
190,191
191,200
188,199
191,201
188,200
191,202
188,201
191,203
188,202
188,203
191,205
188,205
191,212
191,213
188,212
191,214
188,213
191,215
188,214
191,216
188,215
191,217
188,216
191,220
188,217
188,220
191,226
188,226
188,190
188,191
194,195
194,196
194,197
194,198
194,199
194,200
194,201
194,202
194,203
194,205
194,212
194,213
194,214
194,215
194,216
194,217
194,220
194,226
192,194
192,195
195,196
192,196
195,197
192,197
192,198
195,198
192,199
195,199
192,200
192,201
195,200
192,202
195,201
192,203
195,202
192,205
195,203
195,205
192,212
192,213
192,214
192,215
195,212
192,216
195,213
192,217
195,214
192,220
195,215
195,216
195,217
195,220
192,226
196,197
196,198
196,199
196,200
195,226
196,201
196,202
196,203
196,205
196,212
196,213
196,214
196,215
196,216
196,217
196,220
196,226
198,199
198,200
198,201
198,202
198,203
198,205
197,198
197,199
198,212
198,213
198,214
198,215
197,200
198,216
197,201
197,202
198,217
197,203
198,220
197,205
197,212
198,226
197,213
197,214
197,215
197,216
197,217
197,220
197,226
200,201
200,202
200,203
200,205
200,212
200,213
200,214
199,200
200,215
200,216
199,201
200,217
199,202
200,220
199,203
199,205
199,207
200,226
199,212
199,213
199,214
199,215
199,216
199,217
199,220
201,202
201,203
201,205
199,226
201,212
201,213
201,214
201,215
201,216
201,217
201,220
202,203
202,205
203,204
203,205
203,206
202,212
202,213
203,212
202,214
201,226
203,213
202,215
203,214
202,216
203,215
202,217
203,216
202,220
203,217
203,220
202,226
203,226
205,212
204,206
205,213
204,207
205,214
204,209
205,215
205,216
205,217
205,220
204,222
204,223
205,226
204,224
204,225
206,207
206,209
204,227
208,210
206,222
206,223
206,224
207,209
206,225
206,227
207,222
207,223
207,224
207,225
207,227
209,222
209,223
209,224
209,225
209,227
212,213
212,214
212,215
212,216
212,217
212,220
213,214
213,215
212,226
213,216
213,217
213,220
214,215
214,216
214,217
213,226
214,220
214,226
215,216
215,217
215,220
215,226
216,217
216,220
216,226
217,220
217,226
220,226
223,224
223,225
223,227
222,223
222,224
222,225
222,227
224,225
225,227
224,227
226,227
230,240
236,241
237,242
250,251
279,283
291,292
303,304
311,358
311,330
311,341
312,331
313,359
314,360
315,362
316,334
314,315
317,352
317,353
316,363
317,335
317,368
317,336
317,369
318,352
317,318
318,353
320,338
320,371
318,335
318,336
318,368
318,369
319,321
319,337
319,339
324,325
330,358
321,337
321,339
330,341
335,352
335,353
334,363
336,352
335,368
336,353
335,336
335,369
338,371
336,368
336,369
341,358
342,359
337,339
343,344
343,350
344,361
349,365
351,367
353,368
353,369
352,353
352,368
352,369
354,370
354,356
357,373
356,372
361,362
360,361
360,362
368,369
374,375
370,372
380,740
380,794
385,386
385,387
385,388
386,387
386,388
387,388
390,499
390,475
394,395
394,397
395,397
406,407
406,409
406,410
407,409
407,410
411,420
412,421
412,422
412,413
412,414
413,421
413,422
413,414
414,421
414,422
421,422
409,410
426,527
428,525
430,528
425,478
425,526
439,457
441,459
440,458
431,529
442,443
442,444
442,445
444,445
443,444
443,445
449,478
451,480
452,481
460,461
462,463
462,464
462,465
462,466
462,467
463,465
463,466
464,465
464,467
465,466
465,467
469,470
469,473
469,474
470,471
470,472
471,472
471,473
473,474
475,499
478,526
472,474
504,505
504,506
505,506
511,515
511,517
511,519
511,521
515,517
515,519
515,521
512,516
512,518
516,518
512,520
516,520
512,522
518,520
516,522
518,522
519,521
517,519
517,521
520,522
536,537
536,538
536,539
535,536
535,537
535,538
537,538
537,540
537,541
538,540
538,541
539,545
539,540
539,541
539,542
541,545
541,542
542,545
540,545
540,541
540,542
547,553
549,555
546,552
548,554
551,557
550,556
561,584
561,562
562,584
563,564
561,573
562,573
569,579
569,584
570,579
569,570
569,573
570,584
570,573
571,577
571,585
571,586
572,585
572,587
571,572
571,574
572,574
572,575
571,575
574,577
574,585
574,588
573,576
573,579
573,584
575,585
575,589
574,575
577,578
577,585
578,585
579,584
579,590
582,583
585,586
586,588
587,589
587,606
589,606
592,596
593,594
593,597
594,597
593,598
594,598
595,599
595,601
597,598
599,600
600,601
602,603
602,604
604,605
603,605
607,608
611,776
610,775
615,777
617,722
615,629
617,779
617,732
618,723
618,780
618,733
616,617
616,778
616,721
616,731
619,620
619,734
619,735
620,734
620,735
621,622
621,783
623,785
622,784
624,625
624,786
626,788
625,787
627,629
627,630
628,789
629,630
629,791
630,792
631,793
634,644
634,645
633,643
635,644
635,645
634,635
632,642
644,645
646,662
646,647
646,663
647,662
647,663
648,664
650,651
650,652
650,653
652,653
651,652
651,653
655,656
655,657
656,657
662,663
676,677
680,681
684,685
696,698
695,697
704,705
704,706
708,710
711,712
713,714
721,778
721,722
721,731
722,779
722,732
723,780
723,733
724,781
724,782
724,725
726,736
727,737
725,782
728,738
731,778
731,732
732,779
729,739
734,735
733,780
740,794
741,742
741,743
741,744
741,745
741,746
741,747
742,743
742,744
742,745
742,746
742,747
744,745
744,746
744,747
745,746
745,747
743,744
743,745
743,746
746,747
743,747
749,752
750,754
750,755
750,756
750,757
750,758
750,759
748,751
754,755
754,756
754,757
754,758
754,759
755,756
755,757
755,758
755,759
756,757
756,758
756,759
757,758
757,759
758,759
766,768
766,769
766,770
766,771
766,772
766,773
767,768
767,769
767,770
767,771
767,772
767,773
768,769
768,770
768,771
766,767
768,772
769,770
769,771
768,773
769,772
769,773
770,771
770,772
770,773
771,772
771,773
772,773
778,779
781,782
777,791
783,784
786,787
790,791
790,792
791,792
802,803
