0,2
0,3
0,4
2,3
2,4
3,4
7,8
7,9
6,7
6,8
6,9
8,9
7,858
7,859
7,860
7,861
6,858
6,859
6,860
6,861
8,858
8,859
8,860
8,861
18,20
19,20
19,21
19,22
21,22
25,1747
25,538
25,364
25,110
26,539
26,1748
26,365
26,378
32,487
32,501
32,502
32,503
32,504
32,505
32,507
31,506
34,359
34,369
34,373
54,55
54,56
55,56
59,60
59,61
60,61
62,1360
62,357
68,69
68,70
69,70
76,399
76,1617
77,78
76,1496
74,77
74,78
79,80
86,87
86,88
85,86
86,89
86,90
86,91
85,87
88,89
88,90
85,88
85,89
85,90
86,92
88,91
86,93
86,94
86,95
85,91
86,96
88,92
85,92
88,93
88,94
88,95
88,96
85,93
85,94
85,95
85,96
89,90
89,91
89,92
89,93
89,94
89,95
89,96
87,88
87,89
87,90
87,91
87,92
87,93
87,94
87,95
87,96
92,93
92,94
92,95
91,92
91,93
92,96
91,94
91,95
91,96
93,94
93,95
93,96
90,91
90,92
90,93
90,94
90,95
90,96
94,95
94,96
98,99
98,100
98,103
98,104
95,96
97,99
97,100
97,103
97,104
99,100
99,103
99,104
100,103
100,104
111,128
110,1747
103,104
110,538
112,129
112,131
112,132
111,338
112,1092
112,133
112,1093
112,134
112,1094
112,135
111,216
110,364
113,129
113,131
112,1095
113,132
113,1092
112,136
113,133
112,1096
112,137
112,1097
113,1093
112,1098
113,134
114,129
113,1094
114,131
113,135
114,132
113,1095
114,1092
113,136
113,1096
114,133
113,137
112,1099
113,1097
112,1100
113,1098
112,1101
113,1099
113,268
112,1102
113,1100
113,1101
113,1102
114,1093
114,134
114,1094
115,129
114,135
115,131
114,1095
114,136
114,1096
112,1103
114,137
112,1104
114,1097
112,1105
114,1098
112,467
115,132
113,1103
113,1104
114,1099
113,1105
114,1100
113,467
113,409
114,1101
113,158
114,1102
113,414
114,1103
113,1505
114,1104
113,1002
114,1105
114,467
114,409
114,414
112,409
114,1505
113,114
113,115
113,117
112,414
115,1092
112,1505
113,118
114,1002
113,1590
113,119
114,115
113,120
114,117
113,440
114,118
114,1590
112,1002
112,113
115,133
112,114
115,1093
112,115
115,134
112,117
115,1094
112,118
112,1590
114,119
114,120
113,121
114,440
113,441
114,121
113,122
114,441
113,1466
114,122
114,1466
115,135
114,123
115,1095
114,1148
112,119
114,1149
115,136
112,120
112,440
112,121
112,441
115,1096
114,1150
114,1151
115,137
116,130
115,1097
116,196
115,1098
116,198
115,1099
115,1100
112,122
115,1101
115,270
113,123
113,1148
113,1149
115,1102
115,1103
115,1104
112,1466
115,1105
115,467
115,409
115,414
115,160
116,307
115,1505
115,1002
112,123
112,1148
115,117
113,1150
112,1149
113,1151
115,118
112,1150
116,309
117,129
112,1151
118,129
118,131
118,132
115,1590
118,1092
115,119
118,133
115,120
118,1093
117,131
115,440
115,121
115,441
115,122
115,1466
119,129
115,123
119,131
115,1148
117,132
118,134
117,1092
118,1094
115,1149
115,1150
118,135
118,1095
119,132
118,136
119,1092
118,1096
119,133
118,137
119,1093
115,1151
118,1097
117,133
118,1098
117,1093
121,129
117,134
119,134
121,131
117,1094
119,1094
117,135
119,135
117,1095
119,1095
117,136
119,136
117,1096
119,1096
117,137
119,137
121,132
117,1097
119,1097
121,1092
119,1098
118,1099
121,133
117,1098
118,1100
118,1101
121,1093
121,134
121,1094
121,135
121,1095
121,136
121,1096
118,1102
117,1099
119,1099
121,137
118,1103
117,1100
119,1100
118,1104
119,1101
118,1105
118,467
119,1102
118,409
119,1103
117,1101
118,414
121,1097
117,1102
119,1104
117,1103
119,1105
117,1104
119,467
119,409
119,414
121,1098
119,1505
118,1505
119,1002
121,1099
118,1002
121,1100
118,1590
121,1101
118,119
118,120
117,1105
118,440
117,467
118,121
117,409
118,441
117,414
118,122
117,1505
118,1466
117,1002
118,123
118,1148
118,1149
121,1102
121,1103
121,1104
121,1105
119,1590
121,467
118,1150
117,118
118,1151
117,1590
122,129
121,409
119,120
122,131
117,119
122,132
117,120
122,1092
117,440
122,133
117,121
119,440
120,129
117,441
119,121
120,131
117,122
119,441
120,132
117,1466
119,122
120,1092
117,123
119,1466
117,1148
119,123
122,1093
121,414
122,134
121,1505
122,1094
121,1002
122,135
122,1095
122,136
122,1096
117,1149
119,1148
122,137
120,133
117,1150
120,1093
121,1590
120,134
121,440
120,1094
120,135
117,1151
122,1097
120,1095
122,1098
119,1149
122,1099
122,1100
122,1101
120,136
121,441
121,122
122,1102
121,1466
119,1150
121,123
122,1103
121,1148
121,1149
121,1150
121,1151
120,1096
120,137
120,1097
120,1098
120,1099
120,1100
120,1101
120,1102
120,1103
120,1104
120,1105
119,1151
122,1104
122,1105
122,467
120,467
122,409
120,409
120,414
120,1505
120,1002
120,1590
122,414
120,440
120,121
120,441
124,125
120,122
122,1505
122,1002
122,1590
122,440
122,441
125,126
120,1466
127,215
120,123
120,1148
120,1149
120,1150
120,1151
129,131
122,1466
122,123
122,1148
129,132
129,1092
122,1149
129,133
122,1150
129,1093
122,1151
129,134
130,196
130,198
129,1094
130,307
128,338
128,216
127,377
130,309
123,129
123,131
123,132
131,132
123,1092
123,133
123,1093
123,134
131,1092
133,1092
131,133
123,1094
133,1093
131,1093
123,135
133,134
131,134
123,1095
131,1094
133,1094
132,1092
131,135
133,135
131,1095
133,1095
131,136
133,136
131,1096
123,136
132,133
131,137
133,1096
123,1096
131,1097
132,1093
131,1098
123,137
132,134
131,1099
132,1094
131,1100
132,135
131,1101
133,137
132,1095
133,1097
132,136
133,1098
132,1096
133,1099
132,137
133,1100
132,1097
133,1101
132,1098
123,1097
133,1102
132,1099
123,1098
133,1103
132,1100
123,1099
133,1104
132,1101
123,1100
133,1105
132,1102
133,467
131,1102
132,1103
133,409
131,1103
132,1104
133,414
132,1105
131,1104
132,467
123,1101
132,409
123,1102
132,414
123,1103
132,1505
123,1104
132,1002
123,1105
123,467
132,1590
123,409
123,414
132,440
123,1505
132,441
123,1002
132,1466
133,1505
133,1002
133,1590
133,440
131,1105
133,441
123,1590
133,1466
123,440
133,1148
123,441
133,1149
133,1150
123,1466
123,1148
132,1148
133,1151
132,1149
123,1149
123,1150
123,1151
131,467
131,409
131,414
136,1092
136,1093
134,1092
136,1094
134,1093
136,1095
136,1096
136,137
136,1097
131,1505
132,1150
136,1098
131,1002
136,1099
134,1094
136,1100
134,135
136,1101
132,1151
131,1590
136,1102
131,440
137,1092
134,1095
137,1093
134,136
137,1094
134,1096
131,441
134,137
137,1095
134,1097
134,1098
136,1103
134,1099
136,1104
134,1100
136,1105
134,1101
136,467
137,1096
131,1466
137,1097
131,1148
134,1102
136,409
134,1103
131,1149
134,1104
137,1098
131,1150
134,1105
137,1099
131,1151
134,467
137,1100
136,414
137,1101
136,1505
137,1102
134,409
137,1103
134,414
137,1104
134,1505
136,1002
134,1002
135,1092
135,1093
136,1590
135,1094
134,1590
135,1095
136,440
134,440
135,136
136,441
134,441
135,1096
136,1466
135,137
136,1148
135,1097
134,1466
135,1098
136,1149
135,1099
136,1150
135,1100
136,1151
135,1101
135,1102
138,220
135,1103
135,1104
135,1105
135,467
134,1148
134,1149
134,1150
134,1151
129,135
137,1105
137,467
135,409
137,409
135,414
137,414
135,1505
135,1002
135,1590
129,1095
129,136
129,1096
129,137
139,221
129,1097
129,1098
129,1099
129,1100
129,1101
129,1102
135,440
135,441
135,1466
135,1148
135,1149
135,1150
135,1151
129,1103
129,1104
129,1105
143,256
129,467
143,257
129,409
143,258
129,414
129,1505
129,1002
129,1590
129,440
129,441
129,1466
129,1148
129,1149
129,1150
129,1151
144,256
144,257
144,258
144,261
144,262
137,1505
137,1002
143,261
137,1590
143,263
137,440
143,144
143,145
143,146
144,145
143,147
144,146
143,148
144,147
143,151
144,148
143,153
143,253
144,151
137,441
137,1466
137,1148
137,1149
144,152
143,254
137,1150
143,255
137,1151
146,256
146,257
146,258
146,261
145,256
145,257
145,258
145,261
144,253
146,147
146,148
144,254
145,146
146,151
145,147
145,148
147,256
147,257
145,151
144,255
148,256
146,253
147,258
147,261
145,253
145,254
145,255
148,257
149,259
148,258
149,268
149,270
149,271
149,272
149,273
149,274
149,275
147,148
149,276
149,277
146,254
148,261
146,255
148,262
148,264
150,260
150,261
149,278
149,282
147,151
149,158
149,160
149,161
149,162
149,163
149,164
149,165
149,166
149,167
149,168
149,172
149,312
147,253
147,254
147,255
151,256
152,258
152,261
151,257
152,262
151,258
151,260
151,261
151,262
152,290
151,152
152,179
151,290
151,179
151,253
148,151
152,254
151,254
148,152
151,255
153,263
154,258
153,264
153,265
154,263
153,266
154,264
153,267
148,154
153,154
150,151
153,155
153,156
153,157
155,291
155,292
155,263
154,265
148,253
154,267
148,254
148,255
154,155
153,253
154,157
155,264
156,263
157,291
156,266
157,292
157,263
155,265
155,267
155,180
155,181
157,264
157,265
158,259
155,157
158,268
159,269
157,267
157,180
158,270
157,181
160,259
158,271
160,268
158,272
160,270
160,271
158,273
160,272
160,273
158,274
158,275
158,276
160,274
158,277
160,275
160,276
160,277
160,278
161,259
160,282
161,268
160,161
161,270
161,271
161,272
158,278
160,162
161,273
160,163
160,164
161,274
161,275
161,276
158,282
161,277
158,160
161,278
161,282
158,161
158,162
158,163
160,165
158,164
161,162
158,165
158,166
161,163
158,167
160,166
158,168
160,167
160,168
158,172
158,312
160,172
162,259
160,312
162,268
162,270
161,164
161,165
161,166
162,271
161,167
161,168
154,291
161,172
154,292
154,180
154,181
161,312
162,272
165,259
164,259
165,268
164,268
165,270
164,270
165,271
164,271
163,259
164,272
165,272
163,268
165,273
163,270
162,273
165,274
162,274
164,273
162,275
164,274
162,276
164,275
162,277
164,276
162,278
164,277
162,282
164,278
164,282
166,259
166,268
162,163
165,275
166,270
162,164
165,276
163,271
162,165
165,277
162,166
166,271
162,167
166,272
164,165
166,273
162,168
166,274
162,172
166,275
162,312
166,276
166,277
163,272
165,278
167,259
163,273
166,278
167,268
166,282
167,270
167,271
166,167
166,168
166,172
164,166
164,167
164,168
164,172
166,312
164,312
168,259
167,272
169,279
163,274
165,282
167,273
163,275
167,274
163,276
167,275
167,276
168,268
163,277
165,166
163,278
165,167
163,282
168,270
167,277
168,271
163,164
167,278
168,272
163,165
168,273
163,166
168,274
168,275
168,276
168,277
168,278
170,171
170,173
168,282
170,174
170,175
170,176
168,172
163,167
168,312
163,168
167,282
163,172
165,168
167,168
165,172
167,172
163,312
170,280
165,312
170,281
170,283
171,173
171,174
172,259
167,312
171,175
172,268
171,176
172,270
172,271
170,285
170,286
172,272
170,287
172,273
171,280
171,281
171,283
172,274
172,275
172,276
173,174
172,277
171,285
172,278
174,175
172,282
174,176
171,286
173,175
171,287
173,176
175,176
172,312
173,280
173,281
175,280
173,283
173,285
173,286
175,281
176,280
173,287
175,283
176,281
177,193
176,283
177,194
174,280
174,281
174,283
174,285
176,285
175,285
174,286
176,286
175,286
176,287
179,193
179,194
179,261
175,287
179,262
174,287
180,264
181,289
181,291
178,288
178,289
178,290
179,288
178,291
179,289
178,292
179,290
179,291
178,297
181,292
180,265
180,267
177,288
180,288
177,289
180,289
177,290
180,290
177,291
180,291
180,292
177,294
179,294
177,299
179,295
179,299
180,297
177,304
178,179
177,305
178,180
177,178
177,179
177,180
178,181
180,181
180,186
178,186
182,293
177,183
177,188
184,197
184,290
184,294
184,295
184,297
184,300
184,301
184,308
184,186
184,189
184,190
185,307
185,196
185,296
186,289
186,291
186,292
186,294
186,295
186,297
181,264
181,265
181,297
181,267
181,186
183,193
183,194
187,193
187,194
187,195
187,197
187,199
187,294
187,298
187,299
187,300
187,301
179,304
179,305
187,304
187,305
179,180
179,183
179,184
179,188
189,195
188,197
189,197
188,288
188,290
188,294
183,195
183,197
188,298
188,299
188,300
187,306
189,294
189,295
183,288
183,290
187,308
187,310
188,308
187,188
188,189
190,197
190,198
190,294
190,295
187,189
187,190
183,294
183,295
183,297
183,298
183,299
189,298
183,300
189,299
183,301
189,300
189,301
183,304
189,306
183,305
189,308
183,306
183,308
183,184
189,190
183,186
183,187
183,188
190,298
190,300
191,302
190,301
190,308
183,189
190,309
183,190
194,199
196,307
196,309
196,198
196,296
197,294
197,295
197,298
195,197
195,294
195,298
195,300
195,306
195,308
197,299
197,300
194,284
197,301
194,288
194,290
198,301
198,307
197,306
197,308
194,294
194,298
194,304
194,305
194,310
198,309
192,303
193,284
193,288
193,290
193,294
193,298
193,304
193,305
193,310
193,194
193,199
199,298
199,304
199,305
199,310
203,204
200,313
204,205
204,206
201,314
207,208
205,206
216,338
215,377
226,227
226,228
227,228
229,242
229,243
231,232
235,236
235,237
235,238
235,240
237,238
237,240
238,240
236,237
236,238
236,240
242,243
242,244
245,247
245,251
247,251
253,256
254,256
253,257
254,257
253,258
253,261
253,263
254,258
254,261
254,262
253,254
253,255
254,255
255,256
255,257
255,258
255,261
256,257
256,258
256,261
257,258
257,261
258,261
258,262
258,264
259,268
259,270
259,271
259,272
259,273
259,274
259,275
259,276
259,277
259,278
259,282
259,312
260,261
262,290
261,262
263,264
263,265
263,266
263,267
261,290
265,291
265,292
265,267
264,265
264,267
264,291
264,292
267,291
267,292
268,270
268,271
268,272
268,273
268,274
268,275
268,276
268,277
268,278
268,282
268,312
272,273
272,274
273,274
272,275
273,275
272,276
273,276
272,277
273,277
272,278
273,278
272,282
273,282
272,312
273,312
274,275
274,276
274,277
274,278
274,282
274,312
275,276
275,277
275,278
275,282
276,277
276,278
276,282
276,312
277,278
277,282
277,312
271,272
271,273
271,274
278,282
271,275
271,276
278,312
271,277
271,278
271,282
271,312
275,312
280,281
280,283
280,285
281,283
281,285
281,286
281,287
280,286
280,287
270,271
270,272
270,273
270,274
270,275
270,276
270,277
270,278
270,282
283,285
270,312
283,286
282,312
283,287
285,286
286,287
285,287
284,304
284,305
288,289
288,290
288,291
288,294
289,290
288,299
291,292
288,304
292,297
288,305
291,297
289,291
289,292
289,297
290,291
290,294
290,295
290,299
290,304
290,305
294,295
294,297
294,298
294,299
294,300
295,297
294,301
295,300
295,301
294,304
294,305
294,306
295,308
294,308
298,299
298,300
298,301
298,304
299,300
296,307
298,305
298,306
299,308
298,308
298,310
301,308
301,309
300,301
300,306
300,308
304,305
304,310
307,309
306,308
305,310
318,320
318,321
318,322
318,323
320,321
319,320
320,322
320,323
317,318
321,322
321,323
317,319
317,320
319,321
319,322
317,321
319,323
317,322
317,323
322,323
318,319
327,328
330,331
332,333
332,334
333,334
333,335
334,335
342,1480
342,402
342,1362
342,1620
342,1110
342,1562
342,1499
342,935
342,1390
342,1454
342,943
344,345
344,346
342,1334
344,347
346,347
345,346
350,394
350,1350
350,1612
350,1492
353,1495
354,1354
352,1494
354,1496
356,1356
356,1498
357,1360
358,367
360,370
359,369
359,371
359,373
364,1747
364,538
365,1748
365,539
366,1749
365,378
369,371
369,373
378,1748
378,539
371,373
383,384
383,385
383,388
383,389
383,390
383,391
385,386
385,387
384,386
385,388
384,388
385,389
384,389
385,390
384,390
385,391
384,392
382,384
382,387
382,388
382,389
386,387
382,390
388,389
386,388
386,389
386,390
382,393
386,392
388,390
386,393
389,390
389,391
388,393
390,392
382,383
387,388
387,389
387,390
387,392
391,392
387,393
391,393
394,1350
392,393
394,1612
394,1492
395,1613
397,398
399,1617
399,1496
402,1480
402,1362
402,1620
402,1110
402,1562
402,1499
402,935
402,1390
405,406
405,407
402,1454
402,943
402,1334
406,407
403,1481
409,1092
409,1093
409,1094
409,1095
409,1096
409,1097
409,1098
409,1099
409,1100
409,1101
409,1102
409,1103
409,1104
409,1105
409,467
409,414
409,1505
409,1002
409,1590
409,440
409,441
409,1466
409,1148
409,1149
409,1150
409,1151
414,1092
414,1093
414,1094
414,1095
414,1096
414,1097
414,1098
414,1099
414,1100
414,1101
414,1102
414,1103
404,405
414,1104
404,406
414,1105
404,407
414,467
414,1505
414,1002
414,1590
414,440
414,441
414,1466
414,1148
414,1149
411,412
415,418
411,413
414,1150
414,1151
415,438
412,413
419,420
417,418
417,419
417,420
418,419
421,1371
421,1503
421,1575
418,420
424,425
424,426
425,426
429,430
429,455
432,434
432,435
432,436
428,1372
434,435
434,436
438,439
440,1092
438,459
438,460
438,461
438,462
440,1093
440,1094
440,1095
440,1096
440,1097
440,1098
440,1099
440,1100
440,1101
440,1102
440,1103
440,1104
440,1105
440,467
441,1092
441,1093
441,1094
441,1095
441,1096
441,1097
441,1098
441,1099
441,1100
440,1505
441,1101
440,1002
440,1590
440,441
440,1466
440,1148
440,1149
441,1102
435,436
441,1103
441,1104
440,1150
441,1105
440,1151
441,467
441,1505
441,1002
439,460
441,1590
441,1466
441,1148
439,462
441,1149
441,1150
441,1151
445,447
446,449
457,458
455,456
459,460
459,461
459,462
459,468
460,461
460,462
461,462
461,468
461,469
464,465
464,466
456,457
456,458
467,1092
467,1093
467,1094
467,1095
467,1096
467,1097
467,1098
467,1099
467,1100
467,1101
467,1102
467,1103
467,1104
467,1105
467,1505
467,1002
467,1590
467,1466
467,1148
467,1149
467,1150
467,1151
468,469
463,464
463,465
463,466
465,466
475,1383
485,1687
486,1479
486,1491
487,501
487,502
487,503
487,504
487,505
487,507
486,1509
485,1597
485,1598
485,1478
485,1611
485,1490
486,1519
485,1508
485,1518
489,492
489,493
489,494
489,495
490,491
491,493
493,494
493,495
492,493
492,494
492,495
494,495
501,502
501,503
501,504
501,505
501,507
502,503
502,504
502,505
502,507
503,504
503,505
503,507
504,505
504,507
505,507
510,511
515,516
515,517
515,519
516,518
516,520
517,518
517,519
518,520
519,520
521,522
521,523
521,524
521,526
521,527
521,528
521,529
522,523
522,524
522,526
522,527
522,528
522,529
523,524
523,526
523,527
523,528
523,529
524,526
524,527
524,528
524,529
525,530
526,527
526,528
526,529
527,528
527,529
528,529
531,532
531,536
532,533
532,534
532,535
532,536
531,1322
534,535
534,536
534,537
535,536
535,537
533,534
533,535
533,536
538,1747
539,1748
541,542
540,541
540,542
543,544
543,545
544,545
544,546
543,546
545,546
548,549
548,550
548,551
547,548
548,552
547,549
548,553
547,550
548,554
548,555
548,556
549,550
549,551
548,557
549,552
547,551
548,558
549,553
548,559
548,560
548,561
549,554
548,562
548,563
549,555
551,552
549,556
548,566
548,567
549,557
548,568
548,569
548,570
552,553
551,553
547,552
551,554
547,553
552,554
551,555
548,571
549,558
549,559
548,572
548,573
552,555
547,554
547,555
552,556
547,556
552,557
547,557
552,558
547,558
552,559
547,559
552,560
551,556
549,560
552,561
547,560
551,557
547,561
547,562
547,563
551,558
552,562
551,559
549,561
551,560
551,561
547,566
549,562
552,566
547,567
552,567
551,562
552,568
551,563
552,569
552,570
552,571
552,572
552,573
549,563
547,568
547,569
547,570
549,566
549,567
547,571
551,566
547,572
549,568
547,573
551,567
549,569
551,568
549,570
549,571
549,572
549,573
551,569
551,570
551,571
551,572
551,573
553,554
553,555
553,556
554,555
554,556
554,557
553,557
553,558
553,559
554,558
553,560
554,559
554,560
554,561
553,561
554,562
554,563
553,562
554,566
554,567
555,556
555,557
554,568
553,566
553,567
553,568
554,569
553,569
553,570
555,558
553,571
555,559
554,570
554,571
555,560
553,572
555,561
553,573
554,572
555,562
554,573
555,563
555,566
555,567
555,568
555,569
555,570
555,571
555,572
555,573
556,557
556,558
556,559
556,560
550,551
550,552
550,553
550,554
550,555
556,561
556,562
550,556
550,557
556,566
556,567
556,568
556,569
556,570
556,571
550,558
550,559
550,560
550,561
557,558
557,559
556,572
557,560
550,562
550,563
557,561
557,562
550,566
550,567
550,568
556,573
550,569
550,570
550,571
557,566
557,567
557,568
550,572
550,573
559,560
559,561
559,562
557,569
557,570
557,571
557,572
557,573
560,561
560,562
559,566
559,567
559,568
560,566
560,567
560,568
560,569
560,570
559,569
560,571
560,572
560,573
559,570
561,562
559,571
559,572
559,573
561,566
561,567
561,568
561,569
561,570
561,571
561,572
558,559
558,560
561,573
562,563
558,561
558,562
558,566
558,567
558,568
563,564
562,566
558,569
558,570
563,566
558,571
563,570
562,570
558,572
558,573
563,571
562,571
562,572
562,573
562,574
563,572
562,575
563,573
563,574
563,575
566,567
566,568
566,569
566,570
566,571
567,568
566,572
567,569
566,573
567,570
567,571
567,572
567,573
568,569
568,570
569,570
569,571
569,572
569,573
568,571
568,572
568,573
565,858
565,859
565,860
565,861
565,862
565,863
565,864
565,865
571,572
573,574
573,575
570,571
570,572
571,573
570,573
570,574
570,575
572,573
572,574
572,575
571,574
571,575
565,880
576,592
576,886
578,896
578,897
578,898
578,899
578,900
578,579
578,580
578,581
578,582
578,594
578,601
578,602
578,603
578,604
578,605
578,606
577,593
577,887
579,896
579,897
574,575
580,896
580,897
580,898
580,899
580,900
579,898
579,899
580,581
579,900
580,582
578,888
580,596
579,580
579,581
579,582
580,601
580,602
581,896
581,897
581,898
581,899
581,900
580,603
580,604
580,605
579,595
580,606
579,601
579,602
579,603
579,604
579,605
579,606
579,889
579,895
582,896
582,897
582,898
582,899
582,900
582,599
582,601
582,602
582,603
582,604
582,605
582,606
578,895
581,582
581,597
581,601
581,602
580,890
581,603
581,604
581,605
581,606
580,895
586,609
586,903
581,891
582,893
582,895
581,895
587,588
587,610
587,611
587,904
587,905
589,590
589,591
590,591
592,886
593,887
594,896
594,897
594,898
594,899
595,896
588,610
588,611
595,897
594,900
595,898
595,899
595,900
595,596
595,597
595,598
595,599
595,600
595,601
595,602
596,896
595,603
596,897
595,604
596,898
596,899
596,900
594,595
594,596
596,597
594,597
596,598
594,598
596,599
596,600
596,601
595,605
595,606
596,602
594,599
594,600
594,601
596,603
595,888
595,889
595,890
595,891
595,892
595,893
595,894
595,895
597,896
597,897
597,898
597,899
596,604
596,605
594,602
596,606
594,603
594,604
597,900
594,605
594,606
588,904
588,905
594,888
594,889
594,890
596,888
596,889
596,890
596,891
596,892
596,893
596,894
594,891
596,895
598,896
598,897
598,898
594,892
594,893
594,894
594,895
599,896
599,897
599,898
599,899
597,598
599,900
597,599
597,600
597,601
597,602
599,600
597,603
599,601
597,604
598,899
598,900
597,605
597,606
599,602
599,603
598,599
598,600
598,601
598,602
598,603
599,604
598,604
599,605
597,888
597,889
597,890
599,606
600,901
598,605
598,606
597,891
597,892
597,893
599,888
599,889
599,890
599,891
599,892
599,893
599,894
599,895
601,896
601,897
601,898
601,899
601,900
597,894
601,901
597,895
602,896
603,896
602,897
603,897
602,898
603,898
602,899
603,899
602,900
603,900
602,901
603,901
602,603
602,604
602,605
602,606
598,888
598,889
598,890
598,891
601,602
598,892
598,893
601,603
603,604
601,604
603,605
602,607
603,606
603,607
601,605
598,894
601,606
600,607
598,895
604,896
604,897
601,607
604,898
604,899
604,900
604,901
600,888
600,889
602,888
602,889
602,890
600,890
600,891
602,891
603,888
603,889
603,890
603,891
603,892
600,892
602,892
600,893
602,893
600,894
602,895
605,896
601,888
601,889
601,890
601,891
603,893
601,892
606,896
605,897
606,897
601,893
605,898
605,899
601,895
605,900
607,896
607,897
607,898
605,901
606,898
606,899
607,899
607,900
604,605
607,901
604,606
604,607
603,895
606,900
605,606
605,607
606,901
609,903
606,607
605,888
605,889
605,890
605,891
605,892
606,888
606,889
606,890
606,891
606,892
606,893
606,895
607,894
604,888
604,889
604,890
604,891
604,892
604,893
605,893
605,895
583,901
604,895
607,895
583,600
583,894
583,607
620,624
620,627
620,630
621,625
621,628
617,618
617,619
617,622
610,611
617,623
617,626
617,629
618,619
618,622
621,631
618,623
618,626
618,629
610,904
610,905
624,627
625,628
625,631
624,630
627,630
628,631
619,622
622,623
622,626
619,623
622,629
619,626
619,629
623,626
623,629
635,641
635,646
635,777
626,629
636,637
636,638
637,638
640,642
640,677
640,684
640,686
640,687
641,777
643,644
611,904
643,655
643,657
643,659
643,663
643,669
611,905
640,703
640,704
643,689
643,690
642,655
642,657
642,659
643,692
643,693
643,697
643,698
643,699
643,706
643,708
643,713
643,715
642,669
643,717
642,677
642,678
642,679
643,719
643,735
643,737
643,739
642,684
643,741
642,686
642,687
642,689
642,690
642,692
644,645
644,647
642,693
644,663
642,697
642,698
642,699
642,703
642,704
642,706
648,649
648,650
649,650
645,647
645,675
642,751
642,753
651,652
654,656
654,658
654,660
654,662
654,664
654,666
654,668
654,674
656,658
656,660
654,694
654,700
654,747
655,657
655,659
655,663
655,667
655,669
655,677
655,678
655,679
655,684
655,686
655,687
655,689
655,690
655,692
655,693
655,697
655,698
655,699
655,703
655,704
655,706
655,708
655,713
654,750
656,662
654,752
658,660
658,662
658,664
658,666
658,668
658,674
656,664
655,715
655,717
655,719
659,663
655,735
655,737
658,694
655,739
658,700
655,741
656,666
656,668
656,674
656,694
655,751
656,700
655,753
659,669
657,659
657,663
657,667
657,669
657,677
659,677
657,678
659,678
657,679
659,679
657,684
657,686
657,687
657,689
657,690
657,692
657,693
657,697
659,684
659,686
657,698
659,687
659,689
659,690
656,755
659,692
659,693
659,695
663,667
659,697
657,699
659,698
663,669
659,699
659,703
659,704
659,706
659,708
659,713
663,689
659,715
659,717
660,662
657,703
657,704
657,706
660,664
657,708
659,719
657,713
657,715
657,717
660,666
658,755
663,695
660,668
657,719
660,674
659,735
659,737
659,739
662,664
659,741
662,666
662,668
660,694
662,674
660,700
662,694
662,700
659,751
659,753
657,735
657,737
657,739
657,741
657,751
660,755
664,666
664,668
657,753
664,674
664,694
664,700
662,755
667,669
667,695
669,677
669,678
669,679
669,684
669,686
669,687
669,689
664,755
669,690
668,674
669,692
669,693
669,697
668,694
668,700
669,698
669,699
669,703
669,704
669,706
669,708
669,713
669,715
669,717
669,719
669,735
669,737
669,739
669,741
668,755
670,744
670,746
670,754
669,751
669,753
674,694
674,700
675,695
674,755
671,673
677,678
677,679
671,745
671,748
673,744
671,756
673,745
677,680
677,681
677,682
673,748
673,756
666,668
666,674
666,694
666,700
677,684
677,686
677,687
677,689
677,690
677,692
666,755
677,693
677,697
677,698
677,699
678,679
677,703
677,704
677,706
678,680
678,681
678,682
679,680
679,681
679,682
679,684
678,684
679,686
678,686
679,687
678,687
679,689
678,689
679,690
678,690
679,692
678,692
679,693
678,693
679,697
678,697
679,698
678,698
679,699
678,699
679,703
679,704
678,703
678,704
679,706
679,751
679,753
678,706
678,751
678,753
677,751
677,753
680,681
680,682
680,684
680,686
680,687
685,688
684,686
684,687
684,689
684,690
684,692
684,693
684,697
684,698
684,699
684,703
684,704
684,706
689,690
689,692
689,693
686,687
682,684
682,686
686,689
682,687
689,697
686,690
686,692
689,698
686,693
689,699
686,697
686,698
689,703
689,704
686,699
689,706
686,703
686,704
687,689
687,690
687,692
687,693
686,706
687,697
687,698
687,699
687,703
687,704
687,706
689,751
689,753
684,751
684,753
681,682
681,684
681,686
681,687
681,690
681,693
681,698
681,699
692,693
692,695
687,751
692,697
692,698
687,753
692,699
693,695
686,751
686,753
693,697
692,703
692,704
692,706
693,698
693,699
694,700
693,703
693,704
693,706
692,751
692,753
693,751
698,699
693,753
694,755
698,703
698,704
698,706
690,692
690,693
690,697
690,698
690,699
697,698
699,703
699,704
699,706
697,699
690,703
697,703
690,704
697,704
697,706
690,706
700,755
698,751
698,753
699,751
699,753
697,751
697,753
703,704
703,706
690,751
690,753
706,708
703,751
703,753
706,713
706,715
706,717
704,706
706,719
708,710
708,713
708,715
708,717
708,719
708,721
708,723
708,727
704,751
704,753
708,735
708,737
708,739
708,741
706,735
707,709
707,712
707,714
706,737
707,716
706,739
707,718
706,741
706,751
706,753
707,734
707,736
707,738
707,740
707,742
709,712
709,714
709,716
709,718
710,713
710,715
710,717
709,734
709,736
709,738
709,740
709,742
713,715
713,717
713,719
710,719
713,721
710,721
710,723
710,727
710,735
710,737
710,739
710,741
713,723
713,727
715,717
715,719
713,735
713,737
715,721
715,723
715,727
713,739
713,741
705,707
705,709
715,735
715,737
715,739
715,741
712,714
712,716
712,718
712,720
712,722
712,724
712,726
712,728
712,734
712,736
712,738
712,740
712,742
717,719
717,721
717,723
716,718
716,720
716,722
717,727
717,735
717,737
717,739
717,741
719,721
719,723
718,720
718,722
718,724
719,727
718,726
718,728
718,734
718,736
718,738
718,740
719,735
719,737
718,742
719,739
720,722
720,724
719,741
720,726
720,728
720,730
720,732
720,734
720,736
720,738
720,740
721,723
721,725
721,727
721,729
721,731
721,735
721,737
721,739
723,725
721,741
721,743
723,727
723,729
723,735
723,737
723,739
723,741
716,734
716,736
716,738
724,726
724,728
716,740
716,742
724,730
724,732
724,734
724,736
724,738
724,740
725,727
725,729
714,716
725,743
729,731
727,729
727,731
727,735
727,737
729,743
727,739
727,741
727,743
728,730
728,732
728,734
728,736
728,738
728,740
731,733
726,728
726,730
714,718
726,732
714,720
722,724
722,726
722,728
714,722
722,730
722,732
722,734
722,736
722,738
722,740
714,734
714,736
714,738
714,740
714,742
726,734
726,736
726,738
726,740
730,732
735,737
735,739
735,741
734,736
734,738
734,740
734,742
737,739
737,741
736,738
738,740
736,740
738,742
736,742
739,741
747,750
747,752
747,755
744,745
744,746
740,742
750,752
745,748
744,754
748,756
750,755
752,755
745,756
751,753
746,754
766,768
766,771
766,772
766,773
768,771
768,772
767,768
766,809
768,773
767,771
767,772
767,773
759,760
759,761
771,772
771,773
767,793
768,793
767,809
771,809
768,809
772,773
760,761
773,778
769,770
773,793
773,809
766,767
772,793
774,791
779,780
772,809
778,779
778,791
778,793
783,784
783,798
779,793
783,1058
783,803
783,1734
783,1736
780,793
787,1734
787,1736
787,788
787,789
787,790
788,1734
788,1736
788,789
788,790
788,1058
788,1059
790,1058
790,1059
787,1058
787,1059
790,1734
784,798
784,1059
789,1058
789,1059
790,1736
789,1734
784,1734
789,1736
784,1736
789,790
791,792
793,809
799,801
799,802
797,800
798,803
798,1734
801,802
798,1736
811,816
812,815
812,816
812,817
814,818
815,816
815,817
813,814
813,818
816,817
819,822
819,823
819,854
819,855
819,856
819,857
819,862
819,863
819,864
819,865
819,880
822,823
829,832
831,832
829,831
843,844
842,843
842,844
846,848
846,849
846,850
847,849
846,851
846,847
848,849
847,851
848,850
849,850
848,851
849,851
850,851
849,853
851,853
852,853
847,853
854,855
854,856
854,857
854,858
854,859
854,860
854,861
854,862
854,863
854,864
855,856
854,865
855,857
855,858
855,859
855,860
854,880
854,881
854,885
855,861
855,862
855,863
855,864
855,865
856,857
856,858
856,859
855,880
855,881
855,885
856,860
856,861
857,858
857,859
856,862
858,859
856,863
856,864
858,860
856,865
857,860
858,861
858,862
858,863
858,864
857,861
858,865
857,862
856,880
856,881
857,863
856,885
857,864
858,880
858,881
857,865
860,861
857,880
857,881
860,862
857,885
860,863
860,864
860,865
859,860
859,861
859,862
859,863
859,864
859,865
860,880
860,881
862,863
862,864
859,880
862,865
861,862
861,863
861,864
861,865
862,880
862,881
862,885
859,881
861,880
861,881
863,864
864,865
863,865
863,880
863,881
863,885
864,880
864,881
864,885
865,880
865,881
865,885
870,871
870,872
870,873
870,874
841,842
841,843
841,844
871,875
871,877
872,873
872,874
873,874
875,877
878,879
880,881
880,885
883,884
888,896
888,897
888,898
888,899
888,900
876,882
889,896
889,897
889,898
889,899
889,900
890,896
890,897
890,898
890,899
890,900
888,889
888,890
888,891
888,892
888,893
890,891
890,892
890,893
890,894
891,896
890,895
891,897
892,896
891,898
892,897
881,885
888,894
888,895
893,896
893,897
893,898
893,899
893,900
889,890
889,891
889,892
889,893
889,894
889,895
896,897
892,898
891,899
892,899
892,900
894,901
896,898
896,899
895,896
895,897
895,898
895,899
895,900
896,900
895,901
896,901
891,900
892,893
892,894
892,895
897,898
897,899
897,900
897,901
893,894
893,895
891,892
891,893
891,894
891,895
898,899
898,900
898,901
900,901
899,900
899,901
904,905
906,907
919,920
919,929
919,933
920,929
920,933
926,928
923,932
923,924
926,934
923,927
921,922
928,934
921,930
924,927
921,931
922,930
922,931
925,928
929,932
929,933
925,934
925,926
930,931
935,1480
935,1362
935,1620
935,1110
935,1562
935,1499
936,937
936,938
935,1390
935,1454
935,943
935,1334
937,938
943,1562
943,1454
943,1334
943,1480
943,1362
943,1620
941,942
943,1110
943,1499
944,1287
943,1390
944,1038
944,1111
944,991
946,947
946,948
946,950
946,951
946,952
946,953
946,954
948,950
948,951
948,952
948,953
948,954
948,955
946,1268
947,948
947,950
947,951
947,952
947,953
947,954
949,1276
951,952
951,953
951,954
948,1269
950,951
950,952
950,953
950,954
947,1273
951,1275
956,1300
956,1301
953,954
956,1302
956,1303
956,1304
956,1305
950,1271
956,957
956,958
956,959
956,960
957,1300
957,1301
957,1302
956,961
957,1303
957,1304
953,1274
957,1305
956,1003
956,1004
956,1005
956,1006
956,1007
959,1300
959,1301
957,958
957,959
956,1008
957,960
952,953
959,1302
957,961
959,1303
959,1304
959,1305
952,954
959,960
958,1300
959,961
958,1301
958,1302
958,1303
958,1304
958,1305
957,1003
957,1004
957,1005
959,1003
959,1004
957,1006
957,1007
959,1005
959,1006
959,1007
957,1008
959,1008
954,1270
958,959
961,1300
961,1301
958,960
961,1302
961,1303
961,1304
961,1305
958,961
952,1272
962,1306
960,1300
960,1301
960,1302
960,1303
958,1003
960,1304
958,1004
960,1305
958,1005
958,1006
958,1007
958,1008
961,1003
963,1306
961,1004
961,1005
961,1006
961,1007
963,1307
961,1008
964,1308
960,961
960,1003
960,1004
960,1005
960,1006
960,1007
960,1008
967,969
965,1309
965,1311
964,1011
967,1310
965,966
965,968
967,1013
963,1009
963,1010
965,1012
965,1014
969,1312
969,1015
962,963
970,971
972,1313
968,1309
968,1311
962,1009
966,968
972,1016
968,1012
968,1014
979,1280
974,1314
974,1017
975,1315
981,1284
980,1283
983,1286
975,1018
984,1281
982,1281
982,1282
982,1285
984,1282
985,1281
984,985
984,986
984,987
985,1282
985,986
985,987
991,1287
986,987
992,1288
992,1289
992,1290
991,1038
991,1111
992,1294
992,1295
994,1288
994,1289
994,1290
994,1294
994,1295
993,1288
994,1297
993,1289
993,1290
995,1288
995,1289
995,1290
995,1291
993,1294
995,1294
993,1295
995,1295
997,1288
997,1289
997,1290
992,993
992,994
992,995
992,996
994,995
992,997
994,996
992,998
992,999
994,997
994,998
994,999
994,1000
994,1001
995,996
995,997
995,998
995,999
995,1000
995,1001
997,1293
997,1294
997,1295
993,994
992,1000
993,995
993,996
992,1001
993,997
993,998
993,999
993,1000
998,1288
998,1289
998,1290
993,1001
998,1294
998,1295
999,1288
999,1289
999,1290
999,1294
999,1295
1000,1288
1000,1289
1001,1288
1001,1289
1000,1290
1001,1290
1001,1294
1001,1295
1000,1294
1000,1295
1001,1297
1000,1296
997,998
997,999
997,1000
997,1001
999,1000
999,1001
1002,1092
1002,1093
998,999
998,1000
998,1001
1000,1001
1002,1094
1002,1095
1002,1096
1002,1097
1002,1098
1002,1099
1002,1100
1002,1101
1002,1102
1002,1103
1002,1104
1002,1105
1002,1505
1002,1590
1002,1466
1003,1300
1003,1301
1003,1302
1002,1148
1002,1149
1003,1303
1004,1300
1004,1301
1004,1302
1004,1303
1003,1304
1002,1150
1005,1300
1003,1305
1005,1301
1004,1304
1005,1302
1004,1305
1005,1303
1005,1304
1005,1305
1002,1151
1006,1300
1006,1301
1006,1302
1004,1005
1006,1303
1006,1304
1004,1006
1006,1305
1004,1007
1004,1008
1004,1010
1006,1007
1006,1008
1006,1010
1003,1004
1005,1006
1005,1007
1005,1008
1005,1010
1007,1300
1007,1301
1003,1005
1007,1302
1003,1006
1003,1007
1003,1008
1003,1010
1007,1303
1007,1304
1007,1305
1008,1300
1008,1301
1008,1304
1008,1305
1009,1306
1010,1307
1007,1008
1007,1010
1011,1308
1012,1309
1012,1311
1013,1310
1013,1015
1015,1312
1012,1014
1017,1314
1014,1309
1014,1311
1020,1318
1020,1319
1018,1315
1019,1317
1019,1318
1019,1319
1021,1318
1021,1319
1020,1021
1022,1320
1019,1020
1019,1021
1023,1180
1023,1062
1023,1321
1016,1313
1023,1322
1023,1117
996,1288
996,1289
996,1290
996,1292
996,1294
996,1295
996,997
996,998
996,999
996,1000
996,1001
1025,1064
1025,1324
1025,1712
1024,1063
1024,1323
1024,1118
1026,1065
1028,1067
1029,1322
1029,1068
1029,1325
1030,1033
1030,1069
1030,1326
1030,1072
1030,1329
1031,1034
1030,1120
1030,1121
1030,1122
1029,1119
1030,1244
1031,1070
1031,1327
1031,1073
1031,1330
1032,1071
1032,1328
1029,1181
1033,1069
1033,1326
1033,1072
1033,1329
1033,1120
1033,1121
1033,1244
1034,1070
1034,1327
1034,1073
1034,1330
1035,1074
1035,1331
1036,1075
1036,1332
1038,1111
1037,1076
1037,1333
1039,1113
1040,1041
1040,1042
1040,1043
1040,1044
1027,1066
1040,1114
1041,1042
1041,1043
1041,1044
1041,1114
1043,1044
1042,1043
1042,1044
1046,1047
1046,1048
1049,1050
1049,1051
1049,1052
1047,1048
1049,1053
1049,1054
1050,1051
1050,1052
1050,1053
1050,1054
1051,1052
1051,1053
1051,1054
1052,1053
1052,1054
1053,1054
1044,1114
1058,1734
1058,1736
1058,1059
1062,1180
1062,1321
1062,1322
1062,1117
1064,1324
1064,1712
1063,1323
1063,1118
1068,1325
1068,1071
1068,1119
1069,1326
1069,1072
1069,1329
1068,1181
1071,1328
1069,1120
1069,1121
1069,1122
1072,1326
1070,1327
1070,1073
1072,1329
1071,1119
1070,1330
1069,1244
1072,1120
1072,1121
1073,1327
1073,1330
1072,1244
1074,1331
1075,1332
1076,1333
1080,1128
1081,1129
1081,1130
1082,1083
1082,1084
1082,1085
1082,1086
1082,1087
1082,1088
1082,1089
1082,1090
1082,1091
1083,1084
1083,1085
1083,1086
1083,1087
1083,1088
1083,1089
1083,1090
1083,1091
1084,1085
1084,1086
1084,1087
1084,1088
1084,1089
1084,1090
1084,1091
1085,1086
1085,1087
1085,1088
1085,1089
1085,1090
1085,1091
1087,1088
1086,1087
1087,1089
1086,1088
1087,1090
1086,1089
1087,1091
1086,1090
1086,1091
1088,1089
1088,1090
1088,1091
1089,1090
1089,1091
1090,1091
1093,1094
1093,1095
1093,1096
1093,1097
1093,1098
1093,1099
1093,1100
1093,1101
1093,1102
1092,1093
1093,1103
1092,1094
1093,1104
1092,1095
1092,1096
1092,1097
1092,1098
1092,1099
1092,1100
1092,1101
1093,1105
1092,1102
1094,1095
1092,1103
1094,1096
1093,1505
1094,1097
1092,1104
1093,1590
1092,1105
1092,1505
1093,1466
1093,1148
1093,1149
1092,1590
1093,1150
1094,1098
1094,1099
1094,1100
1092,1466
1093,1151
1094,1101
1092,1148
1095,1096
1095,1097
1095,1098
1092,1149
1095,1099
1092,1150
1094,1102
1092,1151
1094,1103
1095,1100
1096,1097
1094,1104
1095,1101
1096,1098
1094,1105
1095,1102
1094,1505
1095,1103
1096,1099
1095,1104
1095,1105
1097,1098
1094,1590
1096,1100
1097,1099
1095,1505
1096,1101
1097,1100
1094,1466
1096,1102
1097,1101
1094,1148
1097,1102
1094,1149
1095,1590
1094,1150
1096,1103
1094,1151
1097,1103
1096,1104
1097,1104
1095,1466
1096,1105
1097,1105
1095,1148
1096,1505
1095,1149
1097,1505
1095,1150
1095,1151
1096,1590
1096,1466
1097,1590
1099,1100
1096,1148
1099,1101
1096,1149
1099,1102
1096,1150
1099,1103
1096,1151
1098,1099
1099,1104
1098,1100
1099,1105
1098,1101
1099,1505
1097,1466
1098,1102
1098,1103
1097,1148
1098,1104
1097,1149
1098,1105
1097,1150
1099,1590
1097,1151
1098,1505
1100,1101
1100,1102
1100,1103
1100,1104
1099,1466
1100,1105
1099,1148
1098,1590
1100,1505
1099,1149
1099,1150
1098,1466
1099,1151
1100,1590
1098,1148
1098,1149
1100,1466
1098,1150
1098,1151
1100,1148
1100,1149
1100,1150
1100,1151
1102,1103
1102,1104
1102,1105
1102,1505
1102,1590
1102,1466
1102,1148
1102,1149
1102,1150
1102,1151
1103,1104
1103,1105
1103,1505
1103,1590
1103,1466
1103,1148
1103,1149
1103,1150
1103,1151
1101,1102
1101,1103
1101,1104
1101,1105
1101,1505
1101,1590
1101,1466
1101,1148
1101,1149
1101,1150
1101,1151
1105,1505
1105,1590
1105,1466
1105,1148
1105,1149
1105,1150
1105,1151
1104,1105
1104,1505
1104,1590
1104,1466
1104,1148
1104,1149
1104,1150
1104,1151
1108,1185
1110,1562
1110,1454
1110,1334
1110,1480
1110,1362
1110,1620
1110,1499
1110,1390
1109,1186
1117,1180
1117,1321
1117,1322
1117,1388
1118,1323
1120,1326
1120,1329
1120,1121
1120,1122
1120,1244
1121,1326
1121,1329
1119,1325
1121,1122
1122,1326
1121,1244
1119,1181
1123,1126
1124,1125
1129,1130
1132,1133
1138,1139
1138,1140
1138,1142
1138,1143
1138,1144
1138,1145
1138,1146
1141,1142
1141,1143
1141,1144
1141,1145
1141,1146
1141,1147
1142,1143
1142,1144
1142,1145
1142,1146
1142,1147
1140,1141
1140,1142
1140,1143
1140,1144
1140,1145
1140,1146
1140,1147
1143,1144
1143,1145
1143,1146
1143,1147
1145,1146
1145,1147
1149,1505
1146,1147
1149,1590
1149,1466
1149,1150
1149,1151
1150,1505
1150,1590
1150,1466
1150,1151
1151,1505
1144,1145
1144,1146
1144,1147
1151,1590
1151,1466
1153,1154
1153,1155
1154,1155
1158,1165
1148,1505
1148,1590
1148,1466
1159,1160
1159,1161
1159,1162
1148,1149
1148,1150
1148,1151
1159,1163
1160,1161
1160,1162
1160,1163
1161,1162
1161,1163
1162,1163
1169,1170
1169,1171
1169,1172
1169,1173
1170,1171
1170,1172
1170,1173
1171,1172
1171,1173
1172,1173
1168,1169
1168,1170
1168,1171
1168,1172
1168,1173
1180,1321
1180,1322
1181,1325
1182,1183
1182,1184
1183,1184
1189,1190
1189,1192
1190,1191
1190,1193
1190,1194
1189,1210
1190,1210
1191,1194
1192,1193
1192,1194
1193,1194
1196,1197
1199,1201
1199,1202
1199,1203
1200,1202
1200,1204
1201,1202
1201,1203
1201,1204
1202,1203
1202,1204
1203,1204
1205,1228
1205,1230
1205,1206
1207,1208
1207,1209
1208,1209
1214,1215
1217,1218
1223,1229
1223,1231
1223,1233
1223,1235
1223,1299
1223,1237
1223,1239
1223,1252
1223,1254
1223,1260
1223,1262
1226,1230
1227,1228
1227,1230
1227,1241
1229,1231
1229,1233
1229,1235
1229,1299
1229,1237
1229,1239
1229,1252
1229,1254
1229,1260
1229,1262
1231,1233
1231,1235
1231,1299
1231,1237
1228,1230
1231,1239
1228,1232
1228,1234
1228,1236
1228,1238
1228,1240
1231,1252
1228,1259
1231,1254
1231,1260
1231,1262
1233,1235
1233,1299
1233,1237
1233,1239
1232,1234
1232,1236
1233,1252
1232,1238
1233,1254
1233,1260
1233,1262
1232,1259
1230,1232
1230,1234
1230,1236
1235,1299
1230,1238
1230,1240
1235,1237
1235,1239
1235,1252
1235,1254
1230,1259
1235,1260
1235,1262
1237,1299
1237,1239
1234,1236
1234,1238
1237,1252
1234,1259
1237,1254
1237,1260
1237,1262
1239,1299
1239,1252
1236,1238
1239,1254
1239,1260
1239,1262
1236,1259
1238,1240
1241,1242
1238,1259
1242,1243
1247,1248
1247,1249
1246,1248
1246,1249
1244,1326
1244,1329
1246,1247
1248,1249
1252,1299
1250,1251
1252,1254
1252,1260
1252,1262
1251,1298
1251,1253
1254,1299
1254,1260
1254,1262
1253,1298
1260,1299
1260,1262
1262,1299
1263,1264
1265,1266
1267,1268
1267,1269
1267,1270
1267,1271
1267,1272
1267,1273
1267,1274
1267,1275
1267,1276
1268,1269
1268,1270
1268,1271
1268,1272
1268,1273
1268,1274
1268,1275
1269,1270
1268,1276
1269,1271
1269,1272
1269,1273
1269,1274
1269,1275
1269,1276
1270,1271
1270,1272
1270,1273
1271,1272
1271,1273
1270,1274
1270,1275
1270,1276
1271,1274
1271,1275
1271,1276
1273,1274
1273,1275
1273,1276
1272,1273
1272,1274
1274,1275
1272,1275
1274,1276
1272,1276
1275,1276
1281,1282
1281,1285
1282,1285
1288,1289
1288,1290
1288,1294
1288,1295
1290,1291
1290,1292
1290,1293
1290,1294
1289,1290
1290,1295
1289,1291
1290,1296
1290,1297
1289,1292
1289,1293
1289,1294
1289,1295
1289,1296
1289,1297
1291,1292
1291,1293
1291,1294
1291,1295
1291,1296
1291,1297
1293,1294
1293,1295
1293,1296
1293,1297
1294,1295
1294,1296
1294,1297
1295,1296
1292,1293
1295,1297
1292,1294
1292,1295
1292,1296
1292,1297
1296,1297
1300,1301
1300,1302
1300,1303
1300,1304
1300,1305
1301,1302
1301,1303
1301,1304
1301,1305
1301,1307
1302,1303
1302,1304
1302,1305
1302,1307
1303,1304
1303,1305
1303,1307
1304,1305
1304,1307
1309,1311
1310,1312
1317,1318
1317,1319
1318,1319
1321,1322
1322,1325
1326,1329
1324,1712
1327,1330
1334,1480
1334,1362
1334,1620
1334,1562
1334,1499
1334,1390
1334,1454
1337,1341
1342,1346
1343,1344
1343,1345
1343,1347
1343,1348
1343,1349
1344,1345
1344,1347
1344,1348
1344,1349
1345,1347
1345,1348
1345,1349
1347,1348
1347,1349
1350,1612
1350,1492
1348,1349
1354,1496
1356,1498
1362,1480
1362,1620
1362,1562
1362,1499
1362,1390
1362,1454
1363,1364
1365,1366
1365,1376
1368,1378
1369,1370
1369,1381
1373,1377
1373,1379
1374,1375
1377,1379
1390,1480
1390,1620
1390,1562
1390,1499
1390,1454
1391,1392
1391,1397
1393,1394
1392,1397
1393,1399
1394,1399
1409,1410
1412,1413
1412,1414
1413,1414
1415,1416
1415,1417
1416,1417
1418,1419
1418,1420
1419,1420
1421,1424
1426,1427
1425,1427
1423,1424
1428,1429
1428,1430
1429,1430
1432,1433
1432,1437
1422,1423
1422,1424
1434,1435
1433,1437
1438,1439
1438,1738
1440,1441
1442,1443
1444,1445
1445,1446
1445,1447
1444,1446
1444,1447
1445,1448
1444,1448
1445,1449
1444,1449
1445,1450
1444,1450
1445,1451
1444,1451
1445,1452
1444,1452
1446,1447
1446,1448
1446,1449
1446,1450
1446,1451
1446,1452
1448,1449
1447,1448
1448,1450
1447,1449
1448,1451
1447,1450
1448,1452
1447,1451
1447,1452
1449,1450
1449,1451
1449,1452
1450,1451
1450,1452
1451,1452
1456,1464
1457,1458
1457,1463
1457,1467
1459,1460
1459,1461
1459,1462
1459,1463
1459,1465
1459,1467
1460,1461
1460,1462
1460,1463
1460,1465
1460,1467
1462,1463
1462,1465
1463,1467
1454,1480
1454,1620
1454,1562
1454,1499
1465,1467
1466,1505
1466,1590
1469,1470
1469,1471
1470,1471
1472,1474
1475,1476
1476,1477
1474,1477
1478,1687
1480,1620
1480,1562
1480,1499
1478,1597
1478,1611
1478,1490
1478,1508
1478,1518
1479,1491
1479,1509
1479,1519
1486,1487
1490,1687
1492,1612
1490,1597
1490,1598
1490,1611
1490,1508
1491,1509
1490,1518
1491,1519
1496,1617
1495,1616
1499,1620
1499,1562
1500,1563
1503,1575
1501,1507
1505,1590
1508,1687
1511,1513
1511,1514
1508,1597
1508,1598
1508,1611
1509,1519
1513,1514
1508,1518
1510,1652
1518,1687
1518,1597
1518,1598
1518,1611
1520,1521
1520,1522
1520,1524
1520,1526
1520,1527
1520,1530
1520,1532
1521,1522
1521,1524
1521,1526
1521,1527
1521,1530
1521,1532
1522,1524
1522,1526
1522,1527
1522,1530
1522,1532
1524,1526
1524,1527
1524,1530
1524,1532
1525,1528
1525,1531
1523,1525
1523,1528
1523,1531
1527,1530
1527,1532
1526,1527
1526,1530
1526,1532
1530,1532
1528,1531
1534,1536
1535,1536
1534,1535
1538,1539
1538,1543
1539,1543
1540,1541
1540,1542
1541,1542
1555,1556
1555,1557
1555,1559
1557,1558
1557,1559
1556,1557
1559,1560
1556,1559
1558,1560
1562,1620
1565,1567
1578,1579
1578,1594
1581,1595
1580,1581
1580,1595
1583,1584
1583,1593
1585,1591
1585,1592
1587,1588
1587,1591
1588,1591
1591,1592
1597,1598
1597,1611
1597,1687
1598,1611
1598,1687
1603,1604
1603,1606
1603,1607
1603,1608
1603,1609
1602,1603
1602,1604
1604,1606
1604,1607
1604,1608
1604,1609
1607,1608
1606,1607
1606,1608
1611,1687
1623,1624
1625,1638
1626,1627
1626,1628
1627,1628
1629,1637
1630,1632
1642,1643
1644,1645
1647,1648
1653,1673
1654,1673
1653,1681
1654,1678
1654,1681
1653,1654
1656,1657
1656,1658
1656,1659
1656,1660
1657,1658
1657,1659
1657,1660
1658,1659
1658,1660
1659,1660
1661,1664
1661,1662
1661,1663
1662,1664
1663,1664
1662,1663
1665,1666
1664,1665
1665,1668
1665,1669
1666,1667
1665,1670
1667,1668
1666,1668
1666,1670
1668,1669
1668,1670
1669,1670
1673,1682
1674,1675
1674,1676
1674,1677
1674,1678
1676,1677
1676,1678
1675,1676
1675,1677
1675,1678
1677,1678
1678,1681
1679,1680
1690,1691
1692,1694
1692,1700
1693,1697
1693,1699
1693,1701
1693,1703
1693,1695
1695,1697
1695,1699
1695,1701
1695,1703
1697,1699
1699,1701
1697,1701
1699,1703
1697,1703
1694,1700
1697,1710
1699,1710
1696,1698
1701,1703
1701,1710
1706,1707
1700,1702
1706,1708
1706,1709
1703,1710
1707,1708
1707,1709
1708,1709
1716,1719
1720,1721
1722,1730
1722,1732
1726,1729
1730,1731
1730,1732
1727,1728
1731,1732
1734,1736
1738,1739
1742,1743
1733,1735
1750,1751
1753,1804
1753,1806
1753,1808
1753,1810
1753,1812
1753,1814
1753,1818
1753,1758
1754,1756
1753,1759
1753,1829
1755,1757
1759,1804
1758,1804
1759,1806
1758,1806
1759,1808
1758,1808
1759,1810
1758,1810
1759,1812
1758,1812
1759,1814
1758,1814
1758,1759
1763,1764
1767,1769
1773,1778
1773,1779
1773,1780
1773,1781
1773,1782
1773,1786
1773,1789
1773,1790
1774,1775
1777,1785
1778,1779
1778,1780
1778,1781
1778,1782
1778,1786
1779,1780
1778,1790
1779,1781
1779,1782
1779,1786
1779,1790
1781,1782
1781,1786
1781,1790
1782,1786
1782,1790
1783,1784
1783,1785
1784,1785
1780,1781
1780,1782
1780,1786
1786,1790
1780,1790
1791,1792
1795,1797
1794,1795
1794,1797
1796,1797
1799,1801
1800,1802
1801,1802
1804,1806
1804,1808
1804,1810
1804,1812
1804,1814
1804,1818
1804,1829
1806,1808
1806,1810
1806,1812
1806,1814
1806,1818
1806,1829
1805,1807
1805,1809
1805,1811
1805,1813
1807,1809
1807,1811
1808,1810
1809,1811
1807,1813
1809,1813
1808,1812
1808,1814
1808,1818
1811,1813
1808,1829
1812,1814
1812,1818
1812,1829
1814,1818
1817,1828
1814,1829
1817,1830
1817,1819
1810,1812
1810,1814
1810,1818
1810,1829
1819,1828
1819,1830
1820,1822
1820,1823
1820,1825
1820,1826
1820,1829
1820,1831
1820,1833
1820,1834
1820,1837
1821,1824
1821,1832
1818,1820
1821,1835
1818,1822
1818,1823
1818,1829
1818,1831
1818,1834
1823,1825
1823,1826
1823,1829
1823,1831
1823,1833
1823,1834
1823,1837
1824,1832
1824,1835
1825,1826
1825,1833
1825,1836
1825,1837
1822,1823
1822,1825
1822,1826
1822,1831
1822,1833
1822,1834
1822,1836
1822,1837
1827,1838
1828,1830
1829,1831
1829,1833
1829,1834
1826,1831
1826,1833
1826,1834
1826,1836
1826,1837
1832,1835
1831,1833
1831,1834
1831,1836
1831,1837
1833,1834
1834,1836
1833,1836
1834,1837
1833,1837
1836,1837
