2,2973
10,11
35,2756
35,711
35,393
35,2441
35,236
35,143
35,659
35,2072
35,2488
35,1371
35,1917
44,46
44,854
46,854
44,2359
46,2359
65,68
80,1936
93,673
93,648
92,150
93,684
93,410
93,124
94,2316
93,382
93,1534
95,2304
95,2496
95,2560
95,2484
107,108
107,109
106,107
106,108
106,109
110,111
108,109
119,141
114,128
114,2816
122,2944
114,2562
122,2306
122,2498
120,142
122,1160
124,673
114,2310
114,2439
114,136
124,648
122,2638
124,684
122,208
114,2186
122,1045
114,270
114,2191
122,1173
126,224
122,2647
126,674
114,2703
126,2308
124,410
126,838
126,2502
126,2183
122,2524
122,671
114,2576
114,147
114,2451
122,2912
126,776
126,1579
124,382
123,2307
126,685
126,2415
124,1534
126,852
126,1049
123,2499
114,2837
114,408
114,665
114,538
126,2814
114,2714
126,383
114,2459
114,2717
114,2078
123,837
114,2590
123,2181
114,1951
114,416
123,775
114,2466
114,1955
114,2595
114,676
122,1577
114,1572
122,682
114,2724
114,806
114,2727
123,2639
114,426
123,209
114,1964
123,851
114,1581
123,2387
114,687
122,1962
114,2480
123,1046
122,367
114,565
123,1174
122,2607
122,1138
114,696
123,2458
114,1976
123,2525
122,1586
114,2106
123,222
114,700
122,2931
123,672
123,2473
122,1396
123,1578
122,757
123,683
123,1963
114,2492
122,380
123,2413
123,2608
114,2749
123,1587
114,574
122,1981
114,1343
122,1151
114,705
114,2754
123,1397
123,758
114,1988
128,2816
114,2501
128,2562
114,460
128,2310
128,2439
114,718
128,136
114,2382
128,2186
128,270
128,2191
128,2703
128,2576
128,147
128,2451
128,2837
128,408
128,665
128,538
128,2714
128,2459
128,2717
114,2514
128,2078
128,2590
114,724
128,1951
128,416
128,2466
114,2388
114,213
128,1955
128,2595
128,676
128,1572
114,599
114,2392
128,2724
128,806
114,2652
128,2727
114,1376
128,426
114,2657
128,1964
128,1581
114,226
128,687
114,1000
128,2480
114,1513
128,565
114,235
128,696
128,1976
114,2669
114,1391
114,880
128,2106
114,1520
128,700
114,1904
128,2492
114,2417
128,2749
128,574
114,243
128,1343
114,2163
128,705
128,2754
114,2807
128,1988
114,506
128,2501
114,1403
128,460
114,1531
128,718
114,2557
114,2175
128,2382
128,2514
128,724
128,2388
128,213
128,599
128,2392
128,2652
123,2812
123,381
123,1982
128,1376
128,2657
128,226
128,1000
128,1513
128,235
143,2756
128,2669
128,1391
128,880
128,1520
128,1904
128,2417
147,2816
147,2562
147,2310
147,2439
147,2186
147,270
147,2191
147,2703
147,2576
147,2451
147,2837
147,408
147,665
147,538
147,2714
147,2459
147,2717
147,2078
147,2590
147,1951
147,416
147,2466
147,1955
147,2595
147,676
147,1572
147,2724
147,806
147,2727
147,426
147,1964
147,1581
143,711
143,393
143,2441
143,236
143,659
143,2072
143,2488
143,1371
128,243
143,1917
128,2163
128,2807
128,506
128,1403
149,1990
149,2649
128,1531
128,2557
128,2175
136,2816
136,2562
136,2310
136,2439
136,2186
136,270
136,2191
136,2703
136,2576
136,147
151,1993
136,2451
136,2837
136,408
152,2305
136,665
152,2497
136,538
152,2561
136,2714
136,2459
136,2717
152,1994
136,2078
136,2590
136,1951
136,416
136,2466
136,1955
136,2595
136,676
152,2487
136,1572
136,2724
136,806
136,2727
136,426
136,1964
155,2329
136,1581
136,687
136,2480
136,565
136,696
136,1976
136,2106
165,1834
136,700
165,1932
136,2492
136,2749
136,574
136,1343
136,705
136,2754
165,1306
165,1307
136,1988
136,2501
136,460
136,718
136,2382
136,2514
136,724
136,2388
136,213
136,599
136,2392
136,2652
136,1376
136,2657
136,226
136,1000
136,1513
136,235
136,2669
142,2487
136,1391
136,880
136,1520
136,1904
136,2417
136,243
147,687
147,2480
147,565
147,696
147,1976
147,2106
147,700
147,2492
147,2749
147,574
147,1343
147,705
147,2754
147,1988
147,2501
147,460
147,718
147,2382
147,2514
136,2163
147,724
147,2388
147,213
147,599
147,2392
147,2652
147,1376
147,2657
147,226
147,1000
147,1513
147,235
147,2669
147,1391
147,880
147,1520
147,1904
147,2417
147,243
147,2163
147,2807
147,506
147,1403
147,1531
147,2557
147,2175
198,2618
136,2807
136,506
199,2619
200,2620
202,2623
204,2603
208,2944
208,2306
208,2498
208,1160
208,2638
208,1045
208,1173
208,2647
209,2307
209,2499
210,2640
210,2609
209,837
209,2181
209,775
210,1980
208,2524
208,671
203,2602
208,2912
208,1577
208,682
208,1962
208,367
208,2607
212,1153
136,1403
136,1531
212,2946
208,1138
212,2916
212,1190
212,298
212,1162
212,1614
212,369
136,2557
136,2175
209,2639
212,1553
212,2642
212,2611
212,1140
209,851
212,2933
212,759
201,2621
209,2387
212,1175
212,2043
212,2651
209,1046
214,2653
209,1174
215,554
209,2458
219,2469
220,1187
220,2179
209,2525
220,836
220,774
222,2307
209,222
209,672
221,1186
222,2499
209,2473
220,2411
221,835
221,2180
221,773
209,1578
220,850
221,2472
209,683
222,837
222,2181
209,1963
221,2412
222,775
209,2413
209,2608
220,2810
209,1587
209,1397
209,758
222,2639
222,851
209,2812
209,381
222,2387
224,674
209,1982
222,1046
224,2308
213,2816
224,838
213,2562
224,2502
224,2183
222,1174
224,776
213,2310
213,2439
213,2186
213,270
224,1579
213,2191
224,685
213,2703
222,2458
213,2576
224,2415
213,2451
224,852
213,2837
222,2525
224,1049
213,408
213,665
222,672
224,2814
224,383
222,2473
213,538
222,1578
213,2714
222,683
213,2459
222,1963
213,2717
222,2413
213,2078
222,2608
213,2590
222,1587
213,1951
213,416
222,1397
222,758
213,2466
213,1955
213,2595
222,2812
213,676
222,381
213,1572
222,1982
226,2816
231,2456
213,2724
226,2562
231,845
213,806
231,2446
226,2310
226,2439
213,2727
226,2186
226,270
226,2191
213,426
213,1964
226,2703
233,234
213,1581
213,687
226,2576
221,849
221,2386
233,2588
221,2457
226,2451
213,2480
226,2837
226,408
213,565
226,665
213,696
226,538
226,2714
213,1976
226,2459
226,2717
226,2078
213,2106
226,2590
226,1951
213,700
226,416
234,2589
226,2466
226,1955
213,2492
232,2587
226,2595
226,676
236,2756
213,2749
221,2811
213,574
226,1572
236,711
213,1343
213,705
226,2724
213,2754
236,393
236,2441
226,806
213,1988
236,659
213,2501
226,2727
236,2072
226,426
213,460
236,2488
226,1964
213,718
236,1371
226,1581
226,687
213,2382
236,1917
226,2480
226,565
241,2448
213,2514
226,696
226,1976
235,2816
213,724
235,2562
213,2388
235,2310
213,599
235,2439
235,2186
235,270
235,2191
213,2392
213,2652
213,1376
213,2657
213,226
235,2703
213,1000
213,1513
235,2576
213,235
235,2451
235,2837
213,2669
235,408
235,665
213,1391
213,880
235,538
213,1520
235,2714
213,1904
213,2417
235,2459
243,2816
243,2562
235,2717
213,243
235,2078
243,2310
213,2163
243,2439
243,2186
235,2590
243,270
243,2191
235,1951
213,2807
235,416
243,2703
235,2466
213,506
235,1955
243,2576
235,2595
243,2451
213,1403
235,676
213,1531
243,2837
243,408
235,1572
213,2557
243,665
213,2175
208,1586
243,538
235,2724
208,2931
235,806
243,2714
208,1396
243,2459
235,2727
243,2717
235,426
208,757
235,1964
243,2078
235,1581
243,2590
243,1951
235,687
243,416
235,2480
243,2466
243,1955
243,2595
243,676
235,565
243,1572
235,696
208,380
243,2724
235,1976
243,806
208,1981
243,2727
243,426
235,2106
243,1964
247,248
235,700
243,1581
243,687
243,2480
235,2492
235,2749
243,565
243,696
243,1976
208,1151
243,2106
243,700
242,2449
243,2492
243,2749
243,574
243,1343
235,574
243,705
235,1343
243,2754
235,705
243,1988
235,2754
235,1988
243,2501
235,2501
243,460
235,460
235,718
243,718
243,2382
235,2382
243,2514
235,2514
243,724
235,724
243,2388
235,2388
243,599
235,599
243,2392
243,2652
235,2392
254,256
243,1376
235,2652
243,2657
235,1376
243,1000
254,255
243,1513
235,2657
243,2669
235,1000
235,1513
243,1391
243,880
243,1520
255,256
243,1904
235,2669
235,1391
243,2417
235,880
235,1520
243,2163
235,1904
243,2807
235,2417
243,506
257,258
257,259
235,243
243,1403
243,1531
235,2163
243,2557
243,2175
235,2807
235,506
235,1403
235,1531
235,2557
235,2175
258,259
226,2106
226,700
226,2492
226,2749
226,574
226,1343
226,705
226,2754
226,1988
226,2501
226,460
226,718
226,2382
226,2514
226,724
226,2388
226,599
226,2392
226,2652
226,1376
226,2657
226,1000
226,1513
226,235
226,2669
226,1391
226,880
226,1520
226,1904
226,2417
226,243
226,2163
226,2807
226,506
226,1403
226,1531
226,2557
226,2175
265,640
265,820
266,641
266,2829
265,2828
266,821
274,576
274,771
274,421
275,579
274,458
274,2667
274,332
274,2190
274,847
274,2447
275,844
274,2167
275,796
274,2426
274,571
274,797
270,2816
270,2562
270,2310
270,2439
270,2186
270,2191
270,2703
270,2576
270,2451
270,2837
270,408
270,665
270,538
270,2714
270,2459
270,2717
294,630
270,2078
293,629
270,2590
270,1951
270,416
295,631
270,2466
296,632
270,1955
270,2595
270,676
270,1572
270,2724
270,806
297,634
270,2727
270,426
270,1964
270,1581
270,687
270,2480
270,565
270,696
270,1976
270,2106
270,700
270,2492
270,2749
270,574
270,1343
270,705
270,2754
270,1988
302,307
270,2501
270,460
302,312
270,718
270,2382
270,2514
270,724
270,2388
270,599
270,2392
270,2652
270,1376
270,2657
270,1000
270,1513
307,312
270,2669
270,1391
270,880
270,1520
270,1904
270,2417
270,2163
270,2807
270,506
270,1403
270,1531
298,1153
298,2946
270,2557
270,2175
298,2916
298,1190
298,1162
298,1614
298,369
298,1553
298,2642
332,576
332,771
298,2611
332,421
298,1140
332,458
298,2933
332,2667
332,2190
298,759
298,1175
332,847
332,2447
298,2043
298,2651
332,2167
332,2426
332,571
332,797
336,726
339,2319
340,2320
337,727
355,356
357,358
367,2944
367,2306
367,2498
367,1160
367,2638
367,1045
367,1173
367,2647
367,2524
367,671
369,1153
367,2912
369,2946
369,2916
369,1190
369,1162
369,1614
369,1553
369,2642
369,2611
369,1140
369,2933
369,759
369,1175
367,1577
367,682
367,1962
367,2607
372,762
367,1138
367,1586
367,2931
367,1396
367,757
367,380
367,1981
367,1151
380,2944
380,2306
369,2043
380,2498
369,2651
380,1160
382,673
382,648
380,2638
382,684
380,1045
380,1173
380,2647
382,410
380,2524
382,1534
380,671
380,2912
383,674
383,2308
383,838
383,2502
383,2183
383,776
383,1579
383,685
383,2415
383,852
383,1049
383,2814
381,2307
381,2499
381,837
381,2181
381,775
389,400
389,1360
389,404
389,1593
389,1084
389,1901
381,2639
385,400
381,851
385,1360
385,404
385,389
381,2387
385,1593
381,1046
385,1084
385,1901
381,1174
393,2756
393,711
381,2458
393,2441
393,659
381,2525
370,371
393,2072
392,658
393,2488
393,1371
392,710
393,1917
404,1360
404,1593
404,1084
404,1901
400,1360
400,404
400,1593
400,1084
410,673
400,1901
410,648
410,684
410,1534
413,704
414,1537
412,703
415,1538
415,653
415,654
414,653
414,1598
414,654
414,415
415,1599
380,1577
380,682
380,1962
380,2607
416,2816
380,1138
416,2562
380,1586
416,2310
416,2439
416,2186
416,2191
417,706
380,2931
416,2703
416,2576
380,1396
416,2451
380,757
416,2837
416,665
417,763
416,538
380,1981
416,2714
380,1151
416,2459
416,2717
421,576
416,2078
421,771
416,2590
416,1951
421,458
416,2466
421,2667
416,1955
421,2190
416,2595
416,676
421,847
416,1572
421,2447
416,2724
416,806
421,2167
416,2727
422,2462
416,426
421,2426
416,1964
416,1581
416,687
421,571
416,2480
416,565
416,696
416,1976
416,2106
416,700
416,2492
416,2749
416,574
416,1343
416,705
416,2754
416,1988
421,797
416,2501
416,460
416,718
416,2382
381,672
416,2514
381,2473
416,724
381,1578
416,2388
408,2816
408,2562
416,599
408,2310
408,2439
416,2392
408,2186
408,2191
416,2652
408,2703
416,1376
408,2576
416,2657
408,2451
408,2837
416,1000
408,665
416,1513
408,538
416,2669
408,2714
408,2459
416,1391
416,880
416,1520
408,2717
416,1904
408,2078
408,2590
416,2417
408,1951
433,434
408,416
408,2466
408,1955
408,2595
408,676
408,1572
408,2724
408,806
408,2727
408,426
408,1964
408,1581
408,687
408,2480
408,565
408,696
408,1976
408,2106
408,700
408,2492
408,2749
408,574
408,1343
408,705
408,2754
408,1988
408,2501
408,460
408,718
408,2382
408,2514
408,724
408,2388
408,599
408,2392
408,2652
408,1376
408,2657
408,1000
408,1513
408,2669
408,1391
408,880
408,1520
408,1904
408,2417
408,2163
408,2807
408,506
408,1403
408,1531
408,2557
408,2175
381,683
381,1963
381,2413
381,2608
381,1587
381,1397
381,758
458,576
381,2812
458,771
458,2667
459,848
458,2190
458,847
381,1982
458,2447
460,2816
459,577
460,2562
459,772
460,2310
460,2439
460,2186
460,2191
459,572
458,2167
459,2668
459,798
460,2703
460,2576
460,2451
460,2837
460,665
460,538
460,2714
460,2459
460,2717
460,2078
464,2671
460,2590
465,2672
460,1951
460,2466
460,1955
460,2595
460,676
458,2426
458,571
458,797
460,1572
460,2724
460,806
460,2727
460,1964
460,1581
460,687
460,2480
416,2163
460,565
460,696
460,1976
416,2807
416,506
416,1403
416,1531
416,2557
416,2175
466,2673
475,2596
478,2612
478,2661
478,2838
426,2816
426,2562
426,2310
426,2439
426,2186
426,2191
426,2703
426,2576
426,2451
426,2837
426,665
426,538
426,2714
426,2459
426,2717
483,486
426,2078
482,483
482,486
494,497
494,500
494,503
495,498
460,2106
495,501
460,700
495,504
460,2492
460,2749
460,574
460,1343
496,505
460,705
460,2754
460,1988
426,2590
426,1951
460,2501
426,2466
426,1955
460,718
426,2595
426,676
460,2382
426,1572
460,2514
426,2724
426,806
460,724
460,2388
426,2727
426,1964
460,599
426,1581
426,687
460,2392
460,2652
426,2480
460,1376
426,565
460,2657
426,696
426,1976
460,1000
460,1513
460,2669
426,2106
426,700
497,500
497,503
501,504
498,501
498,504
460,1391
460,880
460,1520
460,1904
426,2492
426,2749
426,574
460,2417
426,1343
426,705
426,2754
460,2163
426,1988
460,2807
426,2501
460,506
426,460
460,1403
426,718
460,1531
460,2557
426,2382
460,2175
426,2514
426,724
426,2388
426,599
426,2392
426,2652
426,1376
500,503
513,1107
518,520
506,2816
506,2562
506,2310
506,2439
506,2186
506,2191
506,2703
506,2576
506,2451
506,2837
506,665
426,2657
506,538
426,1000
426,1513
426,2669
426,1391
426,880
426,1520
506,2714
506,2459
426,1904
506,2717
426,2417
506,2078
506,2590
506,1951
506,2466
506,1955
506,2595
506,676
506,1572
506,2724
506,806
506,2727
506,1964
506,1581
506,687
506,2480
506,565
506,696
506,1976
426,2163
506,2106
506,700
426,2807
426,506
506,2492
506,2749
506,574
426,1403
506,1343
506,705
506,2754
506,1988
506,2501
506,718
426,1531
506,2382
426,2557
506,2514
506,724
506,2388
506,599
506,2392
506,2652
506,1376
506,2657
506,1000
506,1513
506,2669
506,1391
506,880
506,1520
506,1904
506,2417
506,2163
506,2807
506,1403
506,1531
506,2557
506,2175
426,2175
551,552
538,2816
538,2562
553,561
538,2310
538,2439
553,557
556,560
538,2186
557,561
538,2191
538,2703
558,562
538,2576
538,2451
538,2837
538,665
555,563
538,2714
538,2459
538,2717
538,2078
538,2590
538,1951
538,2466
538,1955
538,2595
538,676
538,1572
538,2724
538,806
538,2727
538,1964
538,1581
538,687
538,2480
571,576
538,565
571,771
538,696
538,1976
571,2667
571,2190
571,847
538,2106
571,2447
538,700
572,848
571,2167
571,2426
571,797
572,577
572,772
574,2816
574,2562
574,2310
574,2439
574,2186
574,2191
572,2668
576,771
572,798
574,2703
574,2576
576,2667
577,848
574,2451
576,2190
574,2837
574,665
576,847
576,2447
577,772
574,2714
574,2459
574,2717
577,2668
576,2167
577,798
574,2078
576,2426
574,2590
576,797
574,1951
574,2466
574,1955
574,2595
574,676
574,1572
574,2724
574,806
579,844
574,2727
574,1964
579,796
574,1581
574,687
574,2480
582,586
574,696
574,1976
583,587
583,591
574,2106
574,700
574,2492
574,2749
582,590
574,1343
574,705
574,2754
565,2816
574,1988
538,2492
565,2562
574,2501
565,2310
538,2749
565,2439
565,2186
574,718
565,2191
565,2703
574,2382
565,2576
565,2451
565,2837
565,665
574,2514
574,724
565,2714
565,2459
574,2388
565,2717
574,599
565,2078
574,2392
574,2652
565,2590
565,1951
574,1376
565,2466
565,1955
574,2657
538,574
565,2595
574,1000
538,1343
565,676
574,1513
538,705
538,2754
538,1988
587,591
574,2669
538,2501
538,718
538,2382
538,2514
538,724
538,2388
565,1572
538,599
565,2724
538,2392
565,806
538,2652
538,1376
565,2727
538,2657
565,1964
538,1000
565,1581
538,1513
565,687
538,2669
565,2480
538,1391
565,696
565,1976
565,2106
565,700
538,880
538,1520
538,1904
538,2417
538,2163
538,2807
538,1403
538,1531
538,2557
538,2175
586,590
565,2492
565,2749
565,574
565,1343
565,705
565,2754
565,1988
565,2501
565,718
565,2382
565,2514
565,724
565,2388
565,599
565,2392
565,2652
565,1376
565,2657
565,1000
565,1513
574,1391
574,880
574,1520
574,1904
574,2417
574,2163
599,2816
599,2562
574,2807
599,2310
599,2439
599,2186
599,2191
574,1403
599,2703
574,1531
599,2576
574,2557
599,2451
599,2837
599,665
574,2175
599,2714
599,2459
599,2717
599,2078
599,2590
599,1951
599,2466
599,1955
599,2595
599,676
599,1572
599,2724
599,806
599,2727
599,1964
599,1581
599,687
599,2480
599,696
599,1976
599,2106
599,700
611,612
599,2492
599,2749
599,1343
599,705
599,2754
599,1988
599,2501
599,718
599,2382
599,2514
599,724
599,2388
599,2392
599,2652
599,1376
599,2657
599,1000
599,1513
599,2669
599,1391
599,880
599,1520
599,1904
599,2417
599,2163
599,2807
599,1403
599,1531
599,2557
599,2175
640,820
640,2828
641,2829
641,821
647,1533
648,673
648,684
648,1534
653,1537
653,1598
654,1538
654,1599
658,710
659,2756
659,711
659,2441
659,2072
659,2488
659,1371
659,1917
653,654
671,2944
671,2306
671,2498
671,1160
671,2638
665,2816
665,2562
671,1045
673,684
665,2310
665,2439
671,1173
665,2186
671,2647
671,2524
671,2912
671,1577
671,682
671,1962
671,2607
671,1138
671,1586
671,2931
671,1396
671,757
671,1981
671,1151
672,2307
672,2499
673,1534
665,2191
665,2703
674,2308
665,2576
674,838
672,837
665,2451
672,2181
674,2502
665,2837
674,2183
674,776
665,2714
672,775
674,1579
665,2459
665,2717
665,2078
665,2590
665,1951
665,2466
665,1955
665,2595
665,676
665,1572
665,2724
665,806
665,2727
665,1964
665,1581
665,687
665,2480
665,696
665,1976
665,2106
665,700
665,2492
665,2749
665,1343
665,705
665,2754
665,1988
665,2501
665,718
665,2382
665,2514
665,724
665,2388
665,2392
665,2652
665,1376
665,2657
665,1000
665,1513
665,2669
665,1391
674,685
665,880
674,2415
674,852
674,1049
672,2639
674,2814
665,1520
672,851
665,1904
672,2387
665,2417
665,2163
665,2807
665,1403
665,1531
672,1046
665,2557
665,2175
672,1174
682,2944
682,2306
672,2458
683,2307
682,2498
683,2499
682,1160
672,2525
672,2473
672,1578
683,837
682,2638
683,2181
672,683
672,1963
682,1045
672,2413
682,1173
683,775
682,2647
682,2524
682,2912
683,2639
683,851
683,2387
683,1046
672,2608
683,1174
565,2669
565,1391
565,880
672,1587
565,1520
682,1577
565,1904
672,1397
672,758
565,2417
683,2458
672,2812
565,2163
683,2525
672,1982
683,2473
683,1578
683,1963
683,2413
683,2608
683,1587
684,1534
683,1397
683,758
685,2308
685,838
682,1962
685,2502
683,2812
682,2607
682,1138
682,1586
685,2183
565,2807
682,2931
685,776
685,1579
682,1396
683,1982
682,757
685,2415
676,2816
685,852
682,1981
685,1049
682,1151
676,2562
676,2310
676,2439
676,2186
685,2814
565,1403
565,1531
687,2816
687,2562
687,2310
676,2191
687,2439
687,2186
687,2191
687,2703
687,2576
687,2451
565,2557
565,2175
687,2837
676,2703
687,2714
676,2576
687,2459
676,2451
676,2837
676,2714
676,2459
687,2717
687,2078
687,2590
687,1951
687,2466
676,2717
687,1955
676,2078
676,2590
696,2816
676,1951
687,2595
696,2562
696,2310
696,2439
696,2186
696,2191
696,2703
696,2576
696,2451
676,2466
676,1955
676,2595
676,1572
696,2837
676,2724
687,1572
676,806
687,2724
696,2714
687,806
696,2459
687,2727
696,2717
687,1964
687,1581
687,2480
687,696
687,1976
687,2106
687,700
687,2492
687,2749
687,1343
700,2816
700,2562
700,2310
700,2439
700,2186
700,2191
700,2703
700,2576
700,2451
700,2837
700,2714
700,2459
700,2717
687,705
700,2078
687,2754
700,2590
687,1988
700,1951
687,2501
700,2466
700,1955
687,718
700,2595
687,2382
700,1572
696,2078
687,2514
696,2590
696,1951
676,2727
696,2466
676,1964
696,1955
676,1581
696,2595
676,687
696,1572
676,2480
696,2724
696,806
696,2727
700,2724
676,696
700,806
676,1976
700,2727
700,1964
676,2106
687,724
676,700
687,2388
700,1581
687,2392
700,2480
696,1964
687,2652
696,1581
687,1376
696,2480
687,2657
696,1976
687,1000
687,1513
696,2106
696,700
676,2492
676,2749
696,2492
676,1343
696,2749
687,2669
676,705
687,1391
696,1343
687,880
696,705
687,1520
696,2754
687,1904
696,1988
687,2417
696,2501
696,718
676,2754
687,2163
700,1976
687,2807
676,1988
696,2382
687,1403
676,2501
687,1531
676,718
687,2557
676,2382
687,2175
676,2514
676,724
676,2388
676,2392
700,2106
676,2652
696,2514
676,1376
696,724
696,2388
676,2657
696,2392
676,1000
676,1513
676,2669
696,2652
676,1391
696,1376
676,880
696,2657
676,1520
696,1000
676,1904
696,1513
676,2417
696,2669
676,2163
696,1391
696,880
676,2807
696,1520
696,1904
676,1403
696,2417
676,1531
676,2557
696,2163
676,2175
696,2807
696,1403
696,1531
696,2557
707,764
696,2175
706,763
711,2756
718,2816
718,2562
718,2310
718,2439
718,2186
718,2191
718,2703
718,2576
718,2451
718,2837
718,2714
718,2459
718,2717
718,2078
718,2590
718,1951
718,2466
718,1955
718,2595
718,1572
718,2724
718,806
718,2727
718,1964
718,1581
718,2480
718,1976
700,2492
700,2749
700,1343
700,705
700,2754
700,1988
700,2501
700,718
700,2382
700,2514
700,724
700,2388
700,2392
700,2652
700,1376
700,2657
700,1000
700,1513
700,2669
700,1391
700,880
700,1520
700,1904
700,2417
700,2163
700,2807
700,1403
700,1531
700,2557
700,2175
724,2816
724,2562
724,2310
724,2439
724,2186
724,2191
724,2703
724,2576
724,2451
724,2837
724,2714
724,2459
724,2717
724,2078
724,2590
724,1951
724,2466
724,1955
724,2595
724,1572
724,2724
724,806
724,2727
724,1964
724,1581
724,2480
724,1976
724,2106
724,2492
724,2749
724,1343
724,2754
724,1988
724,2501
711,2441
724,2382
711,2072
724,2514
711,2488
724,2388
718,2106
718,2492
718,2749
718,1343
718,2754
718,1988
718,2501
718,2382
718,2514
718,724
718,2388
718,2392
718,2652
718,1376
718,2657
718,1000
718,1513
718,2669
718,1391
718,880
718,1520
718,1904
718,2417
718,2163
718,2807
718,1403
718,1531
718,2557
718,2175
724,2392
711,1371
724,2652
711,1917
705,2816
705,2562
705,2310
705,2439
705,2186
705,2191
705,2703
705,2576
705,2451
705,2837
705,2714
705,2459
705,2717
705,2078
705,2590
705,1951
724,1376
724,2657
705,2466
705,1955
705,2595
705,1572
705,2724
705,806
705,2727
705,1964
724,1000
724,1513
705,1581
724,2669
724,1391
705,2480
724,880
705,1976
724,1520
724,1904
705,2106
724,2417
724,2163
705,2492
724,2807
705,2749
724,1403
724,1531
724,2557
705,1343
724,2175
747,748
705,2754
705,1988
745,746
705,2501
705,718
705,2382
705,2514
705,724
705,2388
705,2392
757,2944
757,2306
757,2498
757,1160
757,2638
757,1045
757,1173
757,2647
757,2524
757,2912
757,1577
757,1962
757,2607
757,1138
757,1586
757,2931
705,2652
757,1396
705,1376
705,2657
705,1000
757,1981
758,2307
758,2499
705,1513
757,1151
759,1153
759,2946
759,2916
758,837
758,2181
759,1190
759,1162
758,775
759,1614
705,2669
705,1391
705,880
705,1520
705,1904
705,2417
760,761
759,1553
759,2642
705,2163
705,2807
705,1403
759,2611
759,1140
759,2933
758,2639
758,851
758,2387
758,1046
705,1531
705,2557
758,1174
705,2175
771,2667
759,1175
759,2043
759,2651
772,848
771,2190
771,847
772,2668
771,2447
772,798
771,2167
771,2426
758,2458
771,797
758,2525
758,2473
758,1578
758,1963
758,2413
775,2307
774,1187
774,2179
774,836
774,2411
775,2499
774,850
774,2810
758,2608
758,1587
758,1397
758,2812
781,793
776,2308
776,838
758,1982
796,844
775,837
775,2181
775,2639
776,2502
776,2183
776,1579
776,2415
776,852
797,2667
797,2190
775,851
797,847
797,2447
797,2167
797,2426
775,2387
798,848
776,1049
776,2814
798,2668
806,2816
806,2562
775,1046
775,1174
773,1186
773,835
773,2180
773,2472
773,2412
773,849
773,2386
773,2457
773,2811
775,2458
775,2525
775,2473
775,1578
775,1963
775,2413
775,2608
775,1587
806,2310
806,2439
806,2186
775,1397
775,2812
775,1982
820,2828
821,2829
835,1186
835,2180
835,2472
806,2191
835,2412
806,2703
835,849
835,2386
835,2457
835,2811
833,2862
837,2307
837,2499
837,2181
836,1187
836,2179
836,2411
806,2576
838,2308
838,2502
837,2639
838,2183
837,851
836,850
837,2387
836,2810
837,1046
838,1579
838,2415
845,2456
845,2446
838,852
838,1049
806,2451
806,2837
838,2814
806,2714
806,2459
806,2717
848,2668
849,1186
850,1187
849,2180
850,2179
849,2472
850,2411
849,2412
849,2386
849,2457
849,2811
851,2307
851,2499
837,1174
851,2181
837,2458
850,2810
837,2525
837,2473
852,2308
837,1578
852,2502
806,2078
847,2667
806,2590
852,2183
806,1951
806,2466
837,1963
806,1955
837,2413
837,2608
806,2595
806,1572
852,1579
852,2415
851,2639
852,1049
852,2814
847,2190
851,2387
806,2724
806,2727
837,1587
806,1964
854,2359
847,2447
847,2167
851,1046
847,2426
806,1581
837,1397
837,2812
806,2480
806,1976
806,2106
851,1174
851,2458
837,1982
851,2525
851,2473
851,1578
806,2492
806,2749
806,1343
851,1963
806,2754
851,2413
806,1988
851,2608
851,1587
851,1397
851,2812
851,1982
806,2501
872,873
806,2382
806,2514
806,2388
884,1475
880,2816
880,2562
880,2310
880,2439
880,2186
880,2191
880,2703
806,2392
880,2576
880,2451
880,2837
880,2714
880,2459
806,2652
806,1376
806,2657
806,1000
806,1513
880,2717
806,2669
880,2078
880,2590
880,1951
880,2466
806,1391
806,880
806,1520
806,1904
806,2417
896,962
896,1668
806,2163
896,970
806,2807
896,1196
896,910
896,1231
896,1295
897,1269
910,962
910,1668
910,970
910,1196
910,1231
910,1295
910,1200
910,1268
910,954
910,1214
910,1503
806,1403
880,1955
880,2595
806,1531
806,2557
806,2175
896,1200
896,1268
896,954
896,1214
896,1503
880,1572
880,2724
880,2727
880,1964
880,1581
880,2480
880,1976
880,2106
907,1418
907,1228
907,959
880,2492
880,2749
880,1343
880,2754
880,1988
920,930
880,2501
880,2382
880,2514
880,2388
880,2392
880,2652
880,1376
880,2657
880,1000
880,1513
880,2669
880,1391
933,934
954,962
880,1520
954,1668
954,970
954,1196
880,1904
880,2417
880,2163
880,2807
954,1231
954,1295
954,1200
954,1268
954,1214
954,1503
956,1202
880,1403
959,1418
955,1221
880,1531
959,1228
880,2557
962,1668
955,1201
962,970
955,1682
962,1196
880,2175
962,1231
969,1667
955,1662
962,1295
962,1200
970,1668
970,1196
962,1268
962,1214
962,1503
971,1669
970,1231
970,1295
970,1200
970,1268
970,1214
970,1503
974,1428
989,1088
990,1346
990,1992
1001,1002
1001,2698
1000,2816
1000,2562
1000,2310
1000,2439
1000,2186
1000,2191
1000,2703
1000,2576
1000,2451
1000,2837
1000,2714
1000,2459
1000,2717
1000,2078
1002,2698
1000,2590
1000,1951
1000,2466
1000,1955
1000,2595
1000,1572
1000,2724
1000,2727
1000,1964
1000,1581
1000,2480
1000,1976
1000,2106
1000,2492
1000,2749
1000,1343
1000,2754
1000,1988
1000,2501
1000,2382
1000,2514
1000,2388
1000,2392
1000,2652
1000,1376
1000,2657
1000,1513
1000,2669
1000,1391
1035,1293
1036,1294
1038,1308
1039,1310
1045,2944
1000,1520
1045,2306
1046,2307
1045,2498
1046,2499
1045,1160
1049,2308
1045,2638
1049,2502
1000,1904
1000,2417
1046,2181
1000,2163
1000,2807
1045,1173
1045,2647
1049,2183
1045,2524
1049,1579
1049,2415
1049,2814
1042,1807
1045,2912
1000,1403
1045,1577
1000,1531
1045,1962
1000,2557
1000,2175
1045,2607
1045,1138
1045,1586
1045,2931
1072,1073
1045,1396
1046,2639
1084,1360
1084,1593
1045,1981
1084,1901
1046,2387
1046,1174
1046,2458
1046,2525
1086,2314
1046,2473
1046,1578
1046,1963
1046,2413
1046,2608
1046,1587
1046,1397
1046,2812
1086,2648
1085,2313
1046,1982
1045,1151
1087,2848
1086,2845
1098,2954
1097,2953
1137,1172
1137,1159
1137,1150
1138,2944
1138,2306
1138,2498
1139,1152
1139,1188
1139,1161
1138,1160
1140,1153
1140,2946
1140,2916
1140,1190
1140,1162
1140,1614
1140,1553
1138,2638
1140,2642
1140,2611
1138,1173
1140,2933
1140,1175
1140,2043
1140,2651
1138,2647
1138,2524
1138,2912
1138,1577
1138,1962
1138,2607
1138,1586
1138,2931
1138,1396
1151,2944
1151,2306
1138,1981
1151,2498
1138,1151
1151,1160
1152,1188
1153,2946
1151,2638
1153,2916
1153,1190
1152,1161
1153,1162
1151,1173
1151,2647
1151,2524
1151,2912
1151,1577
1151,1962
1151,2607
1151,1586
1151,2931
1151,1396
1151,1981
1159,1172
1153,1614
1153,1553
1160,2944
1153,2642
1161,1188
1153,2611
1156,2939
1160,2306
1160,2498
1153,2933
1153,1175
1162,2946
1160,2638
1153,2043
1162,2916
1153,2651
1162,1190
1162,1614
1160,1173
1162,1553
1160,2647
1162,2642
1162,2611
1160,2524
1162,2933
1162,1175
1160,2912
1162,2043
1162,2651
1160,1577
1160,1962
1160,2607
1160,1586
1160,2931
1160,1396
1160,1981
1166,2949
1169,2926
1173,2944
1165,2948
1173,2306
1173,2498
1173,2638
1173,2647
1173,2524
1173,2912
1173,1577
1173,1962
1173,2607
1173,1586
1175,2946
1173,2931
1175,2916
1173,1396
1175,1190
1175,1614
1173,1981
1175,1553
1174,2307
1175,2642
1174,2499
1150,1172
1175,2611
1150,1159
1175,2933
1175,2043
1175,2651
1186,2180
1186,2472
1186,2412
1186,2386
1186,2457
1186,2811
1192,1690
1190,2946
1174,2181
1190,2916
1190,1614
1174,2639
1193,1691
1174,2387
1189,2947
1195,1232
1187,2179
1195,1653
1187,2411
1187,2810
1194,1692
1174,2458
1198,1498
1196,1668
1174,2525
1174,2473
1174,1578
1190,1553
1190,2642
1174,1963
1196,1231
1174,2413
1196,1295
1174,2608
1196,1200
1174,1587
1174,1397
1196,1268
1174,2812
1196,1214
1174,1982
1196,1503
1199,1499
1200,1668
1201,1221
1200,1231
1205,1211
1190,2611
1190,2933
1206,1212
1201,1682
1207,1213
1214,1668
1200,1295
1190,2043
1200,1268
1190,2651
1200,1214
1214,1231
1200,1503
1214,1295
1218,1677
1214,1268
1214,1503
1222,1683
1216,1694
1224,1685
1221,1682
1201,1662
1228,1418
1231,1668
1231,1295
1232,1653
1221,1662
1215,1693
1231,1268
1231,1503
1250,1252
1256,2846
1263,1264
1267,1484
1268,1668
1268,1295
1268,1503
1270,1487
1271,1489
1273,1624
1223,1684
1278,1632
1277,1628
1280,1634
1281,1635
1285,1639
1286,1640
1295,1668
1295,1503
1301,1302
1303,1304
1307,1834
1307,1932
1312,1889
1312,1886
1306,1834
1306,1932
1306,1307
1313,1890
1313,1887
1321,1883
1322,1884
1323,1809
1327,1331
1328,1329
1328,1333
1328,1334
1328,1335
1328,1336
1329,1333
1329,1334
1329,1335
1329,1336
1333,1334
1334,1335
1333,1335
1334,1336
1333,1336
1339,1363
1339,1379
1340,1364
1340,1380
1341,1381
1342,1382
1343,2816
1335,1336
1343,2562
1343,2310
1343,2439
1343,2186
1343,2191
1343,2703
1343,2576
1343,2451
1343,2837
1343,2714
1343,2459
1343,2717
1343,2078
1343,2590
1343,1951
1343,2466
1343,1955
1343,2595
1343,1572
1343,2724
1343,2727
1343,1964
1343,1581
1343,2480
1347,2527
1343,1976
1343,2106
1343,2492
1343,2749
1343,2754
1343,1988
1343,2501
1343,2382
1343,2514
1343,2388
1343,2392
1343,2652
1343,1376
1343,2657
1343,1513
1343,2669
1343,1391
1343,1520
1343,1904
1343,2417
1343,2163
1343,2807
1343,1403
1343,1531
1343,2557
1343,2175
1358,1518
1346,1992
1362,1903
1363,1379
1359,1519
1364,1380
1370,2071
1370,2485
1371,2756
1371,2441
1360,1593
1373,1527
1376,2816
1376,2562
1360,1901
1371,2072
1371,2488
1371,1917
1376,2310
1376,2439
1376,2186
1373,1897
1376,2191
1376,2703
1376,2576
1376,2451
1376,2837
1376,2714
1376,2459
1376,2717
1376,2078
1376,2590
1376,1951
1376,2466
1376,1955
1376,2595
1376,1572
1376,2724
1376,2727
1376,1964
1376,1581
1376,2480
1376,1976
1376,2106
1376,2492
1376,2749
1376,2754
1376,1988
1386,1388
1376,2501
1376,2382
1387,1389
1376,2514
1376,2388
1376,2392
1376,2652
1376,2657
1376,1513
1376,2669
1376,1391
1376,1520
1376,1904
1376,2417
1376,2163
1376,2807
1376,1403
1376,1531
1376,2557
1376,2175
1396,2944
1396,2306
1396,2498
1396,2638
1396,2647
1396,2524
1396,2912
1396,1577
1396,1962
1396,2607
1396,1586
1396,2931
1396,1981
1397,2307
1397,2499
1397,2181
1397,2639
1397,2387
1397,2458
1398,1588
1397,2525
1397,2473
1397,1578
1397,1963
1397,2413
1397,2608
1397,1587
1397,2812
1397,1982
1402,1592
1401,1591
1391,2816
1405,1696
1391,2562
1391,2310
1391,2439
1391,2186
1391,2191
1391,2703
1391,2576
1391,2451
1391,2837
1391,2714
1391,2459
1391,2717
1391,2078
1391,2590
1391,1951
1391,2466
1403,2816
1391,1955
1391,2595
1391,1572
1391,2724
1391,2727
1403,2562
1403,2310
1391,1964
1403,2439
1403,2186
1403,2191
1403,2703
1391,1581
1403,2576
1403,2451
1403,2837
1410,1411
1403,2714
1403,2459
1403,2717
1403,2078
1403,2590
1391,2480
1391,1976
1391,2106
1403,1951
1391,2492
1391,2749
1391,2754
1391,1988
1391,2501
1391,2382
1391,2514
1391,2388
1421,1485
1403,2466
1421,1645
1403,1955
1403,2595
1403,1572
1421,1654
1391,2392
1430,1431
1403,2724
1391,2652
1403,2727
1403,1964
1403,1581
1403,2480
1391,2657
1391,1513
1403,1976
1391,2669
1403,2106
1391,1520
1391,1904
1391,2417
1391,2163
1391,2807
1403,2492
1403,2749
1391,1403
1403,2754
1391,1531
1403,1988
1391,2557
1391,2175
1403,2501
1438,1492
1403,2382
1403,2514
1403,2388
1403,2392
1403,2652
1403,2657
1437,1491
1403,1513
1403,2669
1403,1520
1403,1904
1403,2417
1440,1494
1403,2163
1403,2807
1403,1531
1403,2557
1403,2175
1442,1496
1446,1447
1444,1445
1446,1448
1446,1449
1448,1449
1459,1460
1447,1448
1447,1449
1486,1655
1485,1645
1486,1643
1485,1654
1503,1668
1513,2816
1513,2562
1513,2310
1513,2439
1513,2186
1513,2191
1513,2703
1513,2576
1513,2451
1513,2837
1513,2714
1513,2459
1513,2717
1513,2078
1513,2590
1513,1951
1520,2816
1513,2466
1513,1955
1513,2595
1513,1572
1520,2562
1513,2724
1520,2310
1513,2727
1520,2439
1513,1964
1525,1895
1513,1581
1527,1897
1513,2480
1520,2186
1520,2191
1529,1899
1513,1976
1520,2703
1530,1900
1513,2106
1520,2576
1520,2451
1513,2492
1520,2837
1520,2714
1520,2459
1528,1898
1520,2717
1513,2749
1520,2078
1513,2754
1520,2590
1513,1988
1520,1951
1513,2501
1520,2466
1520,1955
1513,2382
1520,2595
1513,2514
1513,2388
1520,1572
1520,2724
1513,2392
1513,2652
1513,2657
1513,2669
1513,1520
1520,2727
1513,1904
1537,1538
1520,1964
1520,1581
1538,1598
1520,2480
1538,1599
1520,1976
1539,1540
1513,2417
1520,2106
1520,2492
1520,2749
1513,2163
1520,2754
1520,1988
1513,2807
1537,1598
1520,2501
1513,1531
1537,1599
1513,2557
1520,2382
1513,2175
1520,2514
1520,2388
1520,2392
1520,2652
1520,2657
1520,2669
1520,1904
1520,2417
1549,1610
1548,1609
1520,2163
1520,2807
1520,1531
1520,2557
1531,2816
1531,2562
1520,2175
1531,2310
1531,2439
1531,2186
1531,2191
1531,2703
1553,2946
1531,2576
1553,2916
1531,2451
1553,1614
1531,2837
1553,2642
1531,2714
1553,2611
1531,2459
1553,2933
1531,2717
1553,2043
1531,2078
1553,2651
1531,2590
1554,1615
1555,1616
1531,1951
1531,2466
1531,1955
1531,2595
1531,1572
1531,2724
1531,2727
1531,1964
1531,1581
1531,2480
1531,1976
1531,2106
1531,2492
1531,2749
1556,1617
1531,2754
1531,1988
1531,2501
1531,2382
1531,2514
1564,1565
1531,2388
1531,2392
1531,2652
1531,2657
1531,2669
1531,1904
1531,2417
1531,2163
1531,2807
1531,2557
1531,2175
1572,2816
1572,2562
1572,2310
1572,2439
1572,2186
1572,2191
1572,2703
1572,2576
1572,2451
1572,2837
1572,2714
1572,2459
1572,2717
1572,2078
1572,2590
1572,1951
1572,2466
1572,1955
1572,2595
1572,2724
1572,2727
1572,1964
1572,1581
1572,2480
1572,1976
1572,2106
1572,2492
1572,2749
1572,2754
1572,1988
1572,2501
1572,2382
1572,2514
1572,2388
1572,2392
1572,2652
1572,2657
1577,2944
1572,2669
1577,2306
1578,2307
1577,2498
1578,2499
1572,1904
1572,2417
1579,2308
1578,2181
1572,2163
1572,2807
1572,2557
1579,2502
1586,2944
1579,2183
1586,2306
1579,2415
1586,2498
1578,2639
1586,2638
1578,2387
1577,2638
1572,2175
1581,2816
1581,2562
1577,2647
1577,2524
1578,2458
1577,2912
1578,2525
1578,2473
1578,1963
1578,2413
1578,2608
1578,1587
1586,2647
1578,2812
1586,2524
1578,1982
1586,2912
1577,1962
1581,2310
1577,2607
1581,2439
1586,1962
1581,2186
1577,1586
1586,2607
1586,2931
1579,2814
1577,2931
1577,1981
1581,2191
1581,2703
1581,2576
1581,2451
1581,2837
1587,2307
1581,2714
1587,2499
1581,2459
1581,2717
1581,2078
1587,2181
1581,2590
1581,1951
1581,2466
1581,1955
1581,2595
1581,2724
1581,2727
1581,1964
1581,2480
1581,1976
1581,2106
1581,2492
1581,2749
1581,2754
1581,1988
1581,2501
1581,2382
1581,2514
1581,2388
1581,2392
1581,2652
1581,2657
1581,2669
1581,1904
1581,2417
1581,2163
1586,1981
1581,2807
1581,2557
1581,2175
1598,1599
1587,2639
1587,2387
1587,2458
1587,2525
1587,2473
1587,1963
1587,2413
1587,2608
1587,2812
1587,1982
1593,1901
1614,2946
1614,2916
1614,2642
1614,2611
1614,2933
1614,2043
1614,2651
1636,1637
1643,1655
1645,1654
1662,1682
1798,1799
1808,2299
1834,1932
1836,1838
1841,1933
1843,1934
1856,1857
1886,1889
1887,1890
1904,2816
1904,2562
1904,2310
1904,2439
1904,2186
1904,2191
1904,2703
1904,2576
1904,2451
1904,2837
1904,2714
1904,2459
1904,2717
1904,2078
1904,2590
1904,1951
1904,2466
1904,1955
1904,2595
1904,2724
1917,2756
1917,2441
1917,2072
1917,2488
1904,2727
1904,1964
1904,2480
1904,1976
1904,2106
1904,2492
1904,2749
1904,2754
1904,1988
1904,2501
1904,2382
1904,2514
1904,2388
1904,2392
1904,2652
1904,2657
1904,2669
1904,2417
1904,2163
1904,2807
1904,2557
1904,2175
1946,2487
1955,2816
1955,2562
1955,2310
1955,2439
1955,2186
1955,2191
1955,2703
1955,2576
1955,2451
1955,2837
1955,2714
1955,2459
1955,2717
1955,2078
1955,2590
1955,2466
1955,2595
1955,2724
1955,2727
1951,2816
1955,1964
1951,2562
1955,2480
1951,2310
1951,2439
1955,1976
1951,2186
1951,2191
1955,2106
1951,2703
1955,2492
1951,2576
1955,2749
1951,2451
1951,2837
1955,2754
1951,2714
1951,2459
1951,2717
1951,2078
1962,2944
1951,2590
1963,2307
1951,2466
1951,1955
1963,2499
1951,2595
1955,1988
1951,2724
1955,2501
1951,2727
1955,2382
1951,1964
1955,2514
1951,2480
1955,2388
1962,2306
1955,2392
1962,2498
1955,2652
1955,2657
1962,2638
1955,2669
1964,2816
1955,2417
1964,2562
1955,2163
1955,2807
1955,2557
1955,2175
1968,1970
1962,2647
1962,2524
1962,2912
1962,2607
1962,2931
1962,1981
1951,1976
1951,2106
1972,1973
1964,2310
1964,2439
1964,2186
1964,2191
1964,2703
1964,2576
1964,2451
1963,2181
1964,2837
1951,2492
1951,2749
1964,2714
1974,1975
1951,2754
1964,2459
1951,1988
1964,2717
1951,2501
1964,2078
1951,2382
1964,2590
1963,2639
1964,2466
1963,2387
1964,2595
1964,2724
1951,2514
1963,2458
1951,2388
1964,2727
1951,2392
1951,2652
1951,2657
1963,2525
1963,2473
1951,2669
1951,2417
1964,2480
1951,2163
1964,1976
1951,2807
1964,2106
1951,2557
1964,2492
1951,2175
1964,2749
1964,2754
1964,1988
1964,2501
1964,2382
1964,2514
1976,2816
1964,2388
1976,2562
1976,2310
1964,2392
1976,2439
1964,2652
1964,2657
1963,2413
1964,2669
1963,2608
1964,2417
1963,2812
1964,2163
1963,1982
1964,2807
1976,2186
1976,2191
1976,2703
1976,2576
1976,2451
1981,2944
1976,2837
1981,2306
1976,2714
1981,2498
1976,2459
1976,2717
1981,2638
1976,2078
1976,2590
1981,2647
1976,2466
1976,2595
1981,2524
1981,2912
1976,2724
1976,2727
1976,2480
1981,2607
1981,2931
1976,2106
1976,2492
1982,2307
1976,2749
1982,2499
1976,2754
1976,1988
1976,2501
1982,2181
1976,2382
1976,2514
1976,2388
1976,2392
1976,2652
1976,2657
1982,2639
1982,2387
1976,2669
1976,2417
1982,2458
1976,2163
1982,2525
1976,2807
1964,2557
1976,2557
1982,2473
1964,2175
1976,2175
1980,2640
1980,2609
1982,2413
1982,2608
1982,2812
1990,2649
1988,2816
1988,2562
1988,2310
1988,2439
1988,2186
1988,2191
1994,2305
1994,2497
1994,2561
1988,2703
1988,2576
1988,2451
1988,2837
1988,2714
1988,2459
1988,2717
1988,2078
1988,2590
1988,2466
1988,2595
1988,2724
1988,2727
1998,1999
1988,2480
1994,2487
1988,2106
1988,2492
1988,2749
1988,2754
1988,2501
1988,2382
1988,2514
1988,2388
1988,2392
1988,2652
1988,2657
1988,2669
1988,2417
1988,2163
1988,2807
1988,2557
1988,2175
2019,2020
2025,2083
2043,2946
2043,2916
2043,2642
2043,2611
2043,2933
2043,2651
2072,2756
2072,2441
2072,2488
2071,2485
2078,2816
2082,2325
2078,2562
2078,2310
2078,2439
2078,2186
2078,2191
2078,2703
2078,2576
2078,2451
2078,2837
2078,2714
2078,2459
2078,2717
2078,2590
2078,2466
2078,2595
2078,2724
2078,2727
2078,2480
2078,2106
2078,2492
2078,2749
2078,2754
2078,2501
2078,2382
2078,2514
2078,2388
2078,2392
2078,2652
2078,2657
2078,2669
2078,2417
2078,2163
2078,2807
2078,2557
2078,2175
2097,2098
2106,2816
2106,2562
2106,2310
2106,2439
2106,2186
2106,2191
2106,2703
2106,2576
2106,2451
2106,2837
2106,2714
2106,2459
2106,2717
2106,2590
2106,2466
2106,2595
2106,2724
2106,2727
2106,2480
2106,2492
2106,2749
2106,2754
2106,2501
2106,2382
2106,2514
2106,2388
2106,2392
2106,2652
2106,2657
2106,2669
2106,2417
2106,2163
2106,2807
2106,2557
2106,2175
2116,2145
2117,2146
2118,2147
2123,2124
2125,2127
2126,2127
2129,2130
2129,2135
2130,2135
2132,2133
2131,2137
2134,2135
2137,2138
2155,2156
2159,2160
2167,2667
2167,2190
2163,2816
2163,2562
2167,2447
2163,2310
2163,2439
2163,2186
2167,2426
2163,2191
2163,2703
2163,2576
2163,2451
2163,2837
2163,2714
2163,2459
2163,2717
2163,2590
2163,2466
2163,2595
2163,2724
2163,2727
2163,2480
2163,2492
2163,2749
2163,2754
2163,2501
2163,2382
2163,2514
2163,2388
2163,2392
2163,2652
2163,2657
2163,2669
2163,2417
2163,2807
2163,2557
2163,2175
2179,2411
2179,2810
2180,2472
2180,2412
2180,2386
2180,2457
2180,2811
2181,2307
2181,2499
2183,2308
2183,2502
2183,2415
2181,2639
2181,2387
2183,2814
2181,2458
2181,2525
2181,2473
2181,2413
2181,2608
2181,2812
2186,2816
2186,2562
2186,2310
2186,2439
2186,2191
2186,2703
2186,2576
2186,2451
2186,2837
2186,2714
2186,2459
2190,2667
2186,2717
2190,2447
2186,2590
2186,2466
2190,2426
2175,2816
2186,2595
2175,2562
2186,2724
2175,2310
2186,2727
2175,2439
2186,2480
2175,2186
2175,2191
2175,2703
2175,2576
2186,2492
2175,2451
2186,2749
2175,2837
2191,2816
2186,2754
2191,2562
2175,2714
2186,2501
2175,2459
2191,2310
2186,2382
2175,2717
2191,2439
2186,2514
2175,2590
2191,2703
2186,2388
2175,2466
2191,2576
2175,2595
2186,2392
2191,2451
2175,2724
2186,2652
2191,2837
2186,2657
2175,2727
2191,2714
2186,2669
2175,2480
2191,2459
2191,2717
2186,2417
2175,2492
2191,2590
2175,2749
2186,2807
2191,2466
2175,2754
2186,2557
2175,2501
2191,2595
2175,2382
2191,2724
2175,2514
2191,2727
2175,2388
2175,2392
2191,2480
2175,2652
2175,2657
2191,2492
2175,2669
2191,2749
2191,2754
2175,2417
2191,2501
2191,2382
2175,2807
2191,2514
2175,2557
2191,2388
2191,2392
2191,2652
2191,2657
2191,2669
2191,2417
2191,2807
2191,2557
2228,2261
2227,2260
2247,2248
2295,2296
2304,2496
2304,2560
2304,2484
2306,2944
2306,2498
2306,2638
2306,2647
2306,2524
2306,2912
2307,2499
2306,2607
2306,2931
2308,2502
2307,2639
2308,2415
2307,2387
2308,2814
2307,2458
2307,2525
2307,2473
2307,2413
2307,2608
2307,2812
2305,2497
2305,2561
2305,2487
2310,2816
2310,2562
2310,2439
2310,2703
2310,2576
2312,2852
2310,2451
2310,2837
2310,2714
2310,2459
2310,2717
2310,2590
2310,2466
2310,2595
2310,2724
2310,2727
2310,2480
2310,2492
2310,2749
2310,2754
2310,2501
2310,2382
2310,2514
2310,2388
2310,2392
2310,2652
2310,2657
2310,2669
2310,2417
2310,2807
2310,2557
2328,2857
2314,2648
2314,2845
2353,2355
2368,2500
2382,2816
2382,2562
2382,2439
2382,2703
2382,2576
2382,2451
2382,2837
2382,2714
2382,2459
2387,2499
2382,2717
2382,2590
2382,2466
2382,2595
2382,2724
2382,2727
2382,2480
2387,2639
2382,2492
2387,2458
2382,2749
2382,2754
2387,2525
2382,2501
2387,2473
2382,2514
2387,2413
2382,2388
2387,2608
2382,2392
2382,2652
2387,2812
2382,2657
2382,2669
2382,2417
2382,2807
2382,2557
2386,2472
2386,2412
2388,2816
2388,2562
2386,2457
2388,2439
2388,2703
2386,2811
2388,2576
2393,2395
2388,2451
2388,2837
2388,2714
2388,2459
2388,2717
2388,2590
2388,2466
2388,2595
2388,2724
2388,2727
2388,2480
2388,2492
2388,2749
2388,2754
2388,2501
2388,2514
2388,2392
2388,2652
2388,2657
2388,2669
2388,2417
2388,2807
2388,2557
2392,2816
2392,2562
2392,2439
2392,2703
2392,2576
2392,2451
2392,2837
2392,2714
2392,2459
2392,2717
2392,2590
2392,2466
2392,2595
2392,2724
2392,2727
2392,2480
2392,2492
2392,2749
2392,2754
2392,2501
2392,2514
2392,2652
2392,2657
2392,2669
2392,2417
2392,2807
2392,2557
2411,2810
2413,2499
2412,2472
2412,2457
2412,2811
2413,2639
2413,2458
2413,2525
2413,2473
2417,2816
2417,2562
2413,2608
2417,2439
2417,2703
2413,2812
2417,2576
2417,2451
2417,2837
2417,2714
2417,2459
2417,2717
2417,2590
2417,2466
2417,2595
2417,2724
2417,2727
2417,2480
2415,2502
2415,2814
2417,2492
2417,2749
2417,2754
2417,2501
2417,2514
2417,2652
2426,2667
2417,2657
2426,2447
2417,2669
2417,2807
2417,2557
2427,2670
2439,2816
2439,2562
2439,2703
2439,2576
2439,2451
2439,2837
2439,2714
2439,2459
2439,2717
2439,2590
2439,2466
2439,2595
2439,2724
2439,2727
2441,2756
2439,2480
2441,2488
2439,2492
2439,2749
2439,2754
2439,2501
2439,2514
2446,2456
2439,2652
2439,2657
2439,2669
2439,2807
2439,2557
2447,2667
2451,2816
2451,2562
2451,2703
2451,2576
2451,2837
2451,2714
2451,2459
2458,2499
2457,2472
2457,2811
2458,2639
2451,2717
2451,2590
2451,2466
2451,2595
2451,2724
2451,2727
2451,2480
2451,2492
2458,2525
2458,2473
2451,2749
2458,2608
2451,2754
2451,2501
2458,2812
2451,2514
2451,2652
2451,2657
2451,2669
2451,2807
2451,2557
2466,2816
2466,2562
2466,2703
2466,2576
2466,2837
2466,2714
2466,2717
2466,2590
2466,2595
2466,2724
2466,2727
2466,2480
2466,2492
2466,2749
2466,2754
2466,2501
2472,2811
2466,2514
2466,2652
2466,2657
2466,2669
2466,2807
2466,2557
2473,2499
2473,2639
2473,2525
2473,2608
2473,2812
2480,2816
2480,2562
2484,2496
2480,2703
2484,2560
2480,2576
2480,2837
2480,2714
2480,2717
2480,2590
2480,2595
2480,2724
2480,2727
2480,2492
2480,2749
2480,2754
2480,2501
2480,2514
2480,2652
2480,2657
2480,2669
2480,2807
2480,2557
2487,2497
2487,2561
2488,2756
2459,2816
2459,2562
2459,2703
2459,2576
2459,2837
2459,2714
2459,2717
2459,2590
2459,2466
2459,2595
2459,2724
2459,2727
2459,2480
2496,2560
2459,2492
2459,2749
2459,2754
2459,2501
2497,2561
2459,2514
2459,2652
2459,2657
2459,2669
2459,2807
2459,2557
2498,2944
2498,2638
2498,2647
2498,2524
2498,2912
2498,2607
2498,2931
2499,2639
2499,2525
2499,2608
2499,2812
2501,2816
2501,2562
2502,2814
2501,2703
2501,2576
2501,2837
2501,2714
2501,2717
2501,2590
2501,2595
2501,2724
2501,2727
2501,2749
2501,2754
2501,2514
2501,2652
2501,2657
2501,2669
2501,2807
2501,2557
2492,2816
2492,2562
2492,2703
2492,2576
2492,2837
2492,2714
2492,2717
2492,2590
2492,2595
2492,2724
2492,2727
2492,2749
2492,2754
2514,2816
2514,2562
2492,2501
2514,2703
2492,2514
2514,2576
2514,2837
2492,2652
2514,2714
2492,2657
2514,2717
2514,2590
2492,2669
2514,2595
2524,2944
2514,2724
2524,2638
2492,2807
2514,2727
2524,2647
2492,2557
2524,2912
2514,2749
2514,2754
2524,2607
2524,2931
2514,2652
2514,2657
2514,2669
2514,2807
2514,2557
2525,2639
2525,2608
2525,2812
2534,2545
2534,2549
2535,2546
2535,2550
2545,2549
2544,2548
2547,2551
2546,2550
2557,2816
2557,2562
2557,2703
2557,2576
2557,2837
2557,2714
2557,2717
2557,2590
2562,2816
2557,2595
2562,2703
2557,2724
2562,2576
2557,2727
2562,2837
2562,2714
2562,2717
2557,2749
2562,2590
2557,2754
2562,2595
2562,2724
2557,2652
2557,2657
2557,2669
2562,2727
2557,2807
2562,2749
2562,2754
2562,2652
2562,2657
2562,2669
2576,2816
2562,2807
2576,2703
2581,2582
2576,2837
2576,2714
2576,2717
2576,2590
2576,2595
2576,2724
2576,2727
2576,2749
2576,2754
2576,2652
2576,2657
2576,2669
2576,2807
2588,2589
2590,2816
2590,2703
2590,2837
2590,2714
2590,2717
2590,2595
2590,2724
2595,2816
2590,2727
2595,2703
2595,2837
2595,2714
2590,2749
2590,2754
2595,2717
2590,2652
2595,2724
2590,2657
2595,2727
2590,2669
2590,2807
2595,2749
2595,2754
2595,2652
2595,2657
2595,2669
2595,2807
2607,2944
2607,2638
2609,2640
2607,2647
2607,2912
2607,2931
2608,2639
2611,2946
2611,2916
2611,2642
2611,2933
2611,2651
2608,2812
2612,2661
2612,2838
2630,2631
2638,2944
2638,2647
2638,2912
2641,2650
2638,2931
2642,2946
2642,2916
2642,2933
2642,2651
2639,2812
2647,2944
2647,2912
2647,2931
2648,2845
2651,2946
2651,2916
2651,2933
2652,2816
2652,2703
2652,2837
2652,2714
2652,2717
2652,2724
2652,2727
2652,2749
2652,2754
2652,2657
2652,2669
2657,2816
2661,2838
2652,2807
2657,2703
2657,2837
2657,2714
2657,2717
2657,2724
2657,2727
2657,2749
2669,2816
2657,2754
2669,2703
2669,2837
2669,2714
2657,2669
2669,2717
2669,2724
2657,2807
2669,2727
2669,2749
2669,2754
2669,2807
2695,2696
2703,2816
2703,2837
2703,2714
2703,2717
2703,2724
2703,2727
2713,2722
2703,2749
2703,2754
2703,2807
2714,2816
2714,2837
2714,2717
2714,2724
2714,2727
2718,2752
2714,2749
2714,2754
2718,2747
2717,2816
2714,2807
2717,2837
2717,2724
2717,2727
2717,2749
2717,2754
2717,2807
2724,2816
2724,2837
2724,2727
2724,2749
2724,2754
2724,2807
2727,2816
2727,2837
2727,2749
2727,2754
2727,2807
2748,2753
2747,2752
2749,2816
2749,2837
2749,2754
2754,2816
2749,2807
2754,2837
2754,2807
2769,2770
2773,2775
2774,2776
2803,2804
2807,2816
2807,2837
2816,2837
2897,2898
2893,2894
2901,2902
2912,2944
2912,2931
2913,2945
2916,2946
2916,2933
2913,2932
2923,2936
2923,2952
2930,2943
2931,2944
2932,2945
2933,2946
2936,2952
2987,2988
2987,2989
2989,2990
2987,2990
2989,2991
2987,2991
2988,2989
2988,2990
2988,2991
2990,2991
