32,255
33,256
85,125
110,246
157,163
160,161
174,175
176,177
230,240
237,242
291,292
311,341
311,358
311,330
330,341
330,358
341,358
351,367
352,353
368,369
406,409
407,410
412,421
412,422
412,413
413,421
412,414
414,421
414,422
421,422
428,525
439,457
440,458
462,465
463,466
464,467
504,506
537,538
539,545
539,540
539,541
540,541
546,552
547,553
548,554
549,555
551,557
561,562
569,570
594,598
593,597
611,776
618,780
619,620
619,734
623,785
621,783
620,734
622,784
620,735
624,786
626,788
627,629
629,630
627,630
625,787
633,643
634,644
634,645
634,635
635,644
635,645
644,645
646,662
647,663
648,664
656,657
655,656
655,657
724,725
723,733
726,736
727,737
728,738
744,745
744,746
744,747
745,746
745,747
746,747
766,768
767,769
770,771
772,773
781,782
790,791
790,792
791,792
