2,796
1,795
3,4
4,5
3,5
4,6
3,6
4,798
5,6
6,800
10,11
5,799
9,10
10,14
11,12
11,15
9,13
8,806
13,14
12,16
3,797
14,15
15,16
21,23
22,23
18,27
32,255
33,256
42,43
41,43
41,46
47,48
85,125
100,102
110,246
136,144
136,138
136,140
136,143
138,144
140,144
138,140
140,143
138,143
143,144
145,146
146,147
145,147
143,181
143,182
144,224
144,183
148,169
151,152
153,154
150,151
150,152
157,160
157,161
157,162
159,160
157,163
159,161
157,164
159,162
157,165
159,163
157,166
159,164
158,159
158,160
159,165
162,163
161,162
158,161
159,166
162,164
161,163
158,162
159,167
162,165
158,163
161,164
162,166
158,164
157,167
161,165
162,167
161,166
158,165
161,167
158,166
158,167
163,164
163,165
157,158
163,166
157,159
164,165
163,167
164,166
164,167
160,161
165,166
160,162
165,167
160,163
160,164
160,165
160,166
160,167
166,167
170,204
170,206
170,207
170,209
171,204
171,206
170,222
170,223
170,224
170,225
171,207
171,209
170,227
170,171
170,172
172,204
170,173
172,206
172,207
171,222
170,174
171,223
173,204
171,224
170,175
171,225
173,206
172,209
170,176
173,207
171,227
173,209
170,177
171,172
173,222
172,222
171,173
173,223
172,223
173,224
171,174
173,225
171,175
173,227
170,189
171,176
172,224
172,225
171,177
173,174
172,227
175,204
172,173
173,175
175,206
173,176
175,207
175,209
173,177
172,174
171,189
172,175
172,176
173,189
175,222
172,177
174,204
175,223
175,224
174,206
175,225
174,207
172,189
174,209
175,227
177,189
175,176
175,177
178,179
175,185
178,180
178,181
178,182
178,183
178,184
174,222
175,189
174,223
174,224
174,225
179,180
179,181
174,227
179,182
179,183
179,184
180,181
180,182
180,183
180,184
181,182
181,183
181,184
182,183
182,184
176,177
174,175
176,189
174,176
174,177
177,204
177,206
174,185
183,184
177,207
177,209
174,189
176,204
176,206
176,207
176,209
177,222
177,223
177,224
186,226
177,225
177,227
176,222
176,223
176,224
176,225
176,227
187,192
187,194
187,195
187,196
187,197
187,198
188,192
187,199
188,194
187,200
188,195
187,201
188,196
187,202
188,197
187,203
188,198
185,224
188,199
187,205
188,200
188,201
188,202
188,203
187,212
187,213
188,205
187,214
187,215
187,216
188,212
187,217
188,213
187,220
188,214
190,192
188,215
188,216
190,194
188,217
190,195
190,196
187,226
190,197
190,198
188,220
190,199
190,200
190,201
190,202
190,203
187,188
190,205
187,190
187,191
188,226
190,212
190,213
190,214
190,215
188,190
190,216
188,191
190,217
190,220
191,192
191,194
191,195
191,196
191,197
189,204
190,226
189,206
189,207
189,209
190,191
192,194
192,195
192,196
192,197
192,198
189,222
192,199
189,223
192,200
192,201
189,224
192,202
189,225
192,203
192,205
189,227
194,195
194,196
192,212
194,197
194,198
192,213
194,199
194,200
192,214
194,201
192,215
194,202
192,216
194,203
192,217
194,205
192,220
195,196
195,197
195,198
195,199
194,212
195,200
194,213
195,201
192,226
195,202
194,214
195,203
194,215
194,216
195,205
194,217
194,220
191,198
191,199
195,212
191,200
191,201
195,213
191,202
195,214
191,203
195,215
194,226
191,205
195,216
195,217
197,198
197,199
195,220
191,212
197,200
191,213
197,201
197,202
191,214
197,203
191,215
191,216
197,205
191,217
191,220
195,226
197,212
197,213
197,214
197,215
191,226
197,216
197,217
197,220
196,197
196,198
196,199
196,200
197,226
196,201
196,202
196,203
196,205
196,212
196,213
196,214
196,215
196,216
196,217
198,199
196,220
198,200
198,201
198,202
198,203
199,200
200,201
198,205
200,202
196,226
200,203
200,205
198,212
198,213
198,214
198,215
200,212
198,216
200,213
201,202
198,217
200,214
201,203
198,220
200,215
201,205
200,216
200,217
200,220
201,212
201,213
198,226
201,214
201,215
201,216
200,226
201,217
201,220
201,226
199,201
199,202
199,203
203,204
203,205
199,205
203,206
199,207
204,206
203,212
204,207
203,213
204,209
199,212
199,213
199,214
203,214
199,215
204,222
199,216
204,223
199,217
204,224
199,220
204,225
204,227
203,215
199,226
203,216
203,217
203,220
202,203
202,205
203,226
202,212
202,213
202,214
202,215
202,216
202,217
202,220
202,226
206,207
206,209
208,210
207,209
206,222
206,223
206,224
206,225
206,227
207,222
207,223
207,224
207,225
207,227
205,212
205,213
205,214
205,215
205,216
205,217
205,220
205,226
212,213
212,214
212,215
212,216
212,217
212,220
212,226
213,214
209,222
213,215
213,216
213,217
213,220
209,223
213,226
209,224
209,225
209,227
214,215
214,216
214,217
214,220
214,226
215,216
215,217
215,220
216,217
216,220
215,226
216,226
217,220
217,226
220,226
222,223
222,224
222,225
222,227
223,224
223,225
223,227
225,227
226,227
224,225
224,227
230,240
236,241
237,242
250,251
279,283
291,292
303,304
311,358
311,330
311,341
312,331
314,360
315,362
314,315
316,334
317,352
317,353
317,335
313,359
317,368
316,363
317,336
317,369
317,318
319,321
320,338
319,337
319,339
320,371
318,352
318,353
318,335
318,336
318,368
318,369
321,337
324,325
321,339
330,358
330,341
334,363
335,352
335,353
335,368
335,336
336,352
336,353
338,371
335,369
336,368
336,369
337,339
341,358
342,359
343,344
343,350
344,361
349,365
351,367
353,368
353,369
352,353
352,368
352,369
354,370
354,356
356,372
357,373
360,361
360,362
361,362
368,369
370,372
374,375
380,740
380,794
385,386
386,387
385,387
386,388
385,388
387,388
390,499
390,475
394,395
395,397
394,397
406,407
406,409
406,410
407,409
407,410
409,410
411,420
412,421
412,422
412,413
412,414
413,421
413,422
421,422
413,414
414,421
414,422
428,525
425,478
425,526
430,528
431,529
426,527
440,458
439,457
441,459
442,443
442,444
442,445
443,444
443,445
444,445
449,478
451,480
452,481
460,461
462,463
462,464
465,466
465,467
463,465
462,465
462,466
462,467
463,466
464,465
464,467
470,471
470,472
471,472
471,473
472,474
475,499
469,470
469,473
469,474
473,474
478,526
504,505
504,506
505,506
511,515
512,516
511,517
511,519
512,518
511,521
512,520
512,522
516,518
516,520
517,519
517,521
516,522
518,520
515,517
518,522
515,519
515,521
519,521
520,522
535,536
535,537
535,538
536,537
536,538
536,539
537,538
537,540
537,541
538,540
538,541
539,545
539,540
539,541
539,542
540,545
540,541
540,542
542,545
541,545
541,542
547,553
546,552
549,555
550,556
548,554
551,557
563,564
561,584
569,579
569,584
569,570
569,573
561,562
571,577
571,585
571,586
561,573
570,579
562,584
570,584
570,573
562,573
571,572
571,574
571,575
573,576
573,579
573,584
574,577
572,585
572,587
577,578
577,585
572,574
572,575
574,585
574,588
575,585
578,585
575,589
579,584
579,590
582,583
574,575
585,586
586,588
589,606
587,589
593,594
587,606
593,597
593,598
594,597
594,598
592,596
595,599
595,601
597,598
599,600
600,601
602,603
602,604
604,605
603,605
607,608
611,776
616,617
617,722
616,778
616,721
618,723
615,777
610,775
618,780
618,733
617,779
616,731
617,732
615,629
619,620
619,734
620,734
619,735
620,735
621,622
621,783
623,785
622,784
624,625
624,786
625,787
626,788
627,629
627,630
629,630
629,791
630,792
631,793
632,642
634,644
634,645
633,643
634,635
635,644
635,645
628,789
644,645
646,662
646,647
647,662
646,663
647,663
648,664
650,651
650,652
650,653
651,652
651,653
652,653
656,657
662,663
655,656
655,657
680,681
684,685
676,677
696,698
695,697
704,705
704,706
708,710
711,712
713,714
722,779
722,732
721,778
721,722
721,731
723,780
723,733
724,781
724,782
726,736
725,782
724,725
728,738
729,739
731,778
727,737
731,732
732,779
733,780
734,735
740,794
741,742
741,743
741,744
741,745
741,746
741,747
742,743
742,744
742,745
742,746
742,747
743,744
743,745
743,746
743,747
744,745
744,746
744,747
745,746
745,747
746,747
748,751
749,752
750,754
750,755
750,756
750,757
750,758
750,759
754,755
754,756
754,757
754,758
755,756
754,759
755,757
756,757
755,758
756,758
755,759
756,759
757,758
757,759
758,759
766,768
767,768
766,769
767,769
766,770
767,770
767,771
766,771
767,772
766,772
767,773
766,773
766,767
768,769
768,770
768,771
768,772
768,773
769,770
769,771
769,772
769,773
770,771
770,772
770,773
771,772
771,773
772,773
778,779
777,791
781,782
783,784
786,787
791,792
790,791
790,792
802,803
