38,39
41,43
42,44
42,45
42,46
44,45
44,46
45,46
61,529
61,6001
61,531
61,5075
61,6003
61,1445
62,6002
61,1461
62,532
61,5990
62,6004
61,4793
61,4378
62,1462
62,4794
77,79
87,91
99,100
99,101
99,102
99,103
99,105
100,101
100,102
100,103
100,105
89,90
102,103
102,105
103,105
101,102
101,103
101,105
109,579
109,4407
109,6264
110,580
110,111
112,3973
115,4958
112,6397
220,4128
221,5504
219,224
221,4129
220,2737
220,4680
221,2738
219,4679
220,4633
219,2736
221,4681
220,5503
219,4600
219,4632
221,4634
219,5502
219,3007
219,4127
224,4679
224,2736
225,3008
222,2739
224,4600
224,4632
224,5502
224,3007
222,4682
224,4127
225,4601
229,4054
229,4630
226,3009
231,4617
232,4618
233,4113
233,5508
231,4666
233,3013
233,4149
233,5590
233,4057
233,4619
233,4668
234,4115
234,5510
234,3015
237,4672
237,4623
234,4151
234,4059
234,4620
232,4667
234,4669
238,4624
238,4673
241,4627
242,4628
241,4676
242,4677
239,4625
230,5588
230,4055
230,4631
230,4606
250,4142
252,258
251,3338
251,4107
251,2466
251,4140
251,2477
251,3002
251,2492
251,2016
251,2023
251,3047
251,2538
251,2030
251,2040
251,5881
260,1117
260,2542
266,2447
274,275
275,276
274,276
275,277
274,277
274,318
275,318
274,319
275,319
276,277
277,318
277,319
276,318
276,319
266,2687
298,2508
298,2516
298,2526
299,3073
299,5890
299,2499
299,4614
299,3399
299,3404
299,2765
299,2510
299,4687
299,1106
298,3384
299,3030
299,1112
299,2520
299,1115
299,4702
299,2528
299,4641
299,2723
299,1129
299,5545
297,3330
297,3075
297,4616
297,2977
297,5547
297,3377
297,3383
297,5561
297,3393
297,2507
297,5580
297,2767
297,2515
297,2517
297,2525
299,4075
318,319
297,3039
299,1134
297,4704
299,2480
297,4706
299,4147
297,4073
297,5870
297,5873
297,4082
299,3381
297,3327
327,5269
299,5559
326,5268
299,2488
335,5257
299,5501
299,2750
360,415
361,416
362,409
399,400
400,401
399,401
422,452
427,448
427,1024
427,1026
427,462
427,466
427,468
427,473
427,999
427,1001
427,505
427,507
427,446
429,508
438,512
438,514
438,516
438,518
428,429
438,520
438,522
438,524
438,526
438,1007
438,528
438,500
438,510
428,508
437,509
446,448
446,1024
446,1026
446,462
446,466
446,468
446,473
446,999
446,1001
448,1024
448,1026
445,447
448,462
446,505
448,466
448,468
446,507
448,473
448,999
448,1001
448,505
448,507
455,461
462,1024
462,1026
462,466
462,468
462,473
462,999
462,1001
462,505
463,997
462,507
463,464
463,1022
465,1025
465,998
465,1000
465,467
466,1024
466,1026
466,468
466,473
466,999
465,1023
466,1001
467,1025
466,505
467,998
467,1000
466,507
468,1024
468,1026
468,473
468,999
468,1001
467,1023
468,505
468,507
473,1024
473,1026
473,999
473,1001
482,504
473,505
473,507
491,492
498,1005
497,1004
499,1006
500,512
500,514
500,516
501,1008
500,518
500,520
500,522
500,524
500,526
500,1007
500,528
500,510
505,1024
505,1026
505,999
505,1001
505,507
510,512
510,514
510,516
510,518
510,520
510,522
510,524
510,526
510,1007
510,528
512,514
512,516
512,518
512,520
512,522
512,524
514,516
512,526
512,1007
512,528
514,518
514,520
514,522
514,524
514,526
514,1007
514,528
507,1024
507,1026
516,518
516,520
507,999
516,522
516,524
507,1001
516,526
516,1007
516,528
520,522
520,524
520,526
520,1007
520,528
521,527
522,524
522,526
522,1007
522,528
518,520
518,522
518,524
518,526
518,1007
518,528
524,526
524,1007
524,528
526,1007
526,528
528,1007
530,5076
530,1446
531,6001
530,5991
531,5075
530,4379
531,6003
531,1445
531,1461
532,6002
531,5990
531,4793
532,6004
531,4378
532,1462
532,4794
529,6001
529,531
529,5075
529,6003
529,1445
529,1461
529,5990
529,4793
529,4378
547,548
555,561
556,560
564,565
569,570
569,571
569,572
569,573
569,575
570,571
570,572
570,573
571,572
571,573
570,575
571,575
572,573
572,575
573,575
579,4407
579,6264
580,581
580,582
580,6265
581,582
582,4834
595,598
635,636
636,638
635,638
667,1735
667,5821
683,6153
688,690
688,691
690,691
694,6162
694,6158
704,1574
704,1577
706,710
706,1576
706,1579
705,1575
705,1578
710,1576
710,1579
729,734
727,735
726,729
726,734
731,742
732,743
746,747
784,807
787,810
822,839
827,828
826,827
826,828
847,848
847,849
848,849
846,848
846,849
846,847
861,862
866,867
900,901
911,912
926,927
935,936
959,960
969,976
972,979
971,978
975,1963
970,977
981,1946
982,1947
983,1948
984,1949
985,1950
980,1945
989,1969
997,1022
998,1025
998,1000
999,1024
999,1026
999,1001
998,1023
1000,1025
1000,1023
1017,1028
1018,1029
1001,1024
1001,1026
1019,1020
1024,1026
1023,1025
1034,2245
1034,1070
1039,1851
1037,2917
1037,2949
1037,2247
1037,1072
1037,1849
1045,1088
1047,1090
1044,1081
1045,1082
1047,1084
1051,1251
1054,1055
1059,2928
1057,1257
1059,1234
1059,2901
1064,1264
1065,1265
1070,2245
1074,1851
1072,2917
1072,2949
1072,2247
1072,1849
1076,1078
1076,1854
1082,1088
1084,1090
1106,3073
1106,5890
1106,2499
1106,4614
1106,3399
1106,3404
1106,2765
1106,2510
1106,4687
1109,2984
1106,3030
1106,1112
1106,2520
1109,2989
1106,1115
1109,3309
1106,4702
1109,2702
1106,2528
1109,5583
1109,2707
1106,4641
1106,2723
1106,1129
1106,5545
1109,4089
1106,4075
1112,3073
1109,5852
1106,1134
1112,5890
1106,2480
1112,2499
1109,4094
1112,4614
1106,4147
1112,3399
1112,3404
1106,3381
1112,2765
1112,2510
1106,5559
1112,4687
1106,2488
1112,3030
1112,2520
1106,5501
1106,2750
1112,1115
1112,4702
1112,2528
1112,4641
1112,2723
1112,1129
1112,5545
1112,4075
1112,1134
1117,2542
1112,2480
1112,4147
1112,3381
1112,5559
1112,2488
1112,5501
1112,2750
1120,2544
1122,4606
1115,3073
1115,5890
1128,2701
1126,2467
1115,2499
1115,4614
1126,3048
1115,3399
1115,3404
1115,2765
1115,2510
1115,4687
1115,3030
1115,2520
1115,4702
1115,2528
1115,4641
1115,2723
1130,2471
1115,1129
1115,5545
1115,4075
1115,1134
1115,2480
1115,4147
1133,2706
1129,3073
1129,5890
1115,3381
1129,2499
1115,5559
1129,4614
1129,3399
1115,2488
1129,3404
1129,2765
1129,2510
1115,5501
1129,4687
1115,2750
1129,3030
1129,2520
1129,4702
1129,2528
1129,4641
1129,2723
1136,2501
1136,3400
1129,5545
1134,3073
1134,5890
1134,2499
1134,4614
1134,3399
1129,4075
1134,3404
1136,3053
1134,2765
1134,2510
1136,3405
1129,1134
1129,2480
1134,4687
1136,2482
1134,3030
1134,2520
1129,4147
1134,4702
1134,2528
1129,3381
1136,2522
1134,4641
1129,5559
1134,2723
1129,2488
1129,5501
1129,2750
1134,5545
1134,4075
1134,2480
1137,2502
1134,4147
1134,3381
1134,5559
1134,2488
1137,3402
1134,5501
1134,2750
1137,3407
1137,4688
1137,3031
1137,2523
1137,2529
1137,2473
1148,1151
1137,3054
1137,4078
1137,2483
1137,2491
1137,2751
1154,2005
1177,1179
1182,1183
1212,2180
1228,1870
1231,1827
1231,2196
1234,2928
1231,2890
1231,2938
1231,1868
1234,2901
1231,2924
1233,2927
1243,1245
1254,1255
1284,1285
1291,1897
1335,1336
1339,1350
1350,1354
1350,1357
1350,1358
1352,1353
1354,1357
1354,1358
1354,1364
1354,1365
1354,1366
1351,1352
1351,1353
1357,1358
1357,1364
1357,1365
1357,1366
1357,1367
1364,1365
1364,1366
1364,1367
1365,1366
1365,1367
1366,1367
1358,1364
1358,1365
1358,1366
1358,1367
1369,1370
1388,1389
1390,1392
1390,1394
1391,1393
1391,1395
1392,1394
1393,1395
1414,5925
1424,1425
1424,1426
1425,1426
1424,1427
1426,1427
1425,1427
1426,1428
1425,1428
1426,1429
1424,1428
1425,1429
1424,1429
1425,1430
1424,1430
1426,1430
1428,1429
1428,1430
1429,1430
1427,1428
1427,1429
1427,1430
1440,1442
1445,6001
1445,5075
1445,6003
1446,5076
1445,1461
1445,5990
1445,4793
1446,5991
1445,4378
1446,4379
1451,1452
1454,1456
1455,1457
1455,1458
1457,1458
1461,6001
1461,5075
1461,6003
1461,5990
1462,6002
1461,4793
1462,6004
1461,4378
1462,4794
1515,4901
1517,1519
1517,1521
1516,1517
1517,1524
1516,1518
1516,1520
1516,1523
1518,1519
1518,1520
1518,1523
1519,1521
1519,1524
1520,1521
1520,1523
1521,1524
1523,1524
1525,1542
1525,1557
1525,1526
1525,1533
1533,1542
1533,1557
1542,1557
1544,1545
1557,1558
1574,1577
1576,1579
1575,1578
1601,1604
1597,2285
1607,3300
1607,3302
1612,1628
1615,1631
1616,1617
1616,1618
1616,1619
1617,1618
1617,1619
1618,1619
1646,1647
1645,1646
1645,1647
1649,1651
1661,1669
1661,2319
1662,1670
1662,1671
1663,1670
1663,1671
1663,2320
1663,2321
1664,2322
1662,2320
1662,2321
1662,1663
1669,2319
1671,2320
1671,2321
1670,1671
1670,2320
1670,2321
1698,4353
1699,1700
1698,1774
1698,2078
1705,1779
1705,2123
1706,1780
1728,1729
1735,5821
1752,1754
1763,1764
1774,4353
1777,1778
1774,2078
1779,2123
1800,1801
1810,4373
1831,2945
1827,2196
1831,2892
1827,2890
1831,2926
1827,2938
1827,1868
1827,2924
1846,2256
1853,1855
1849,2917
1849,2949
1849,2247
1873,2222
1868,2196
1868,2890
1868,2938
1868,2924
1880,1914
1886,1920
1889,1923
1890,1924
1891,1921
1892,1922
1894,1926
1901,1930
1903,1934
1904,1935
1902,1931
1908,1939
1907,1938
1911,1942
1912,1943
1973,1974
1982,2001
1982,1997
1997,2001
1997,1999
1982,1999
1999,2001
2016,3338
2016,4107
2017,2026
2016,2466
2016,4140
2020,2027
2021,2028
2016,2477
2023,3338
2023,4107
2016,3002
2016,2492
2023,2466
2023,4140
2023,2477
2023,3002
2023,2492
2016,2023
2016,3047
2016,2538
2029,2039
2016,2030
2023,3047
2023,2538
2016,2040
2023,2030
2016,5881
2023,2040
2023,5881
2030,3338
2030,4107
2030,2466
2030,4140
2030,2477
2031,2041
2034,2048
2030,3002
2034,2038
2030,2492
2034,2044
2038,2048
2036,2037
2035,2045
2037,2046
2037,2047
2040,3338
2040,4107
2040,2466
2040,4140
2040,2477
2040,3002
2040,2492
2044,2048
2030,3047
2030,2538
2046,2047
2038,2044
2030,2040
2036,2046
2030,5881
2036,2047
2040,3047
2040,2538
2049,2085
2049,2056
2051,3201
2049,3199
2040,5881
2052,3202
2052,2058
2054,3204
2055,3205
2054,2088
2055,2089
2054,2060
2055,2061
2056,2085
2056,3199
2053,3203
2058,3202
2053,2087
2053,2059
2060,3204
2060,2088
2061,3205
2061,2089
2059,3203
2059,2087
2078,4353
2080,4354
2085,3199
2089,3205
2087,3203
2083,2084
2088,3204
2184,2185
2200,2201
2196,2890
2196,2938
2196,2924
2219,2243
2219,2935
2236,2879
2237,2880
2240,2883
2241,2884
2243,2935
2247,2917
2247,2949
2249,2951
2256,2259
2277,2288
2279,2290
2280,2291
2285,2287
2293,2324
2320,2321
2347,2349
2347,2351
2348,2352
2348,2350
2349,2351
2350,2352
2357,4718
2366,2367
2372,2374
2402,2405
2402,2406
2402,2407
2402,2414
2402,2415
2402,2416
2401,2402
2401,2405
2401,2406
2401,2407
2401,2414
2401,2415
2401,2416
2405,2406
2405,2407
2405,2414
2405,2415
2405,2416
2406,2407
2406,2414
2406,2415
2406,2416
2407,2414
2407,2415
2407,2416
2414,2415
2415,2416
2414,2416
2424,2425
2431,2432
2446,4978
2453,2694
2454,3331
2454,5582
2458,2459
2454,5850
2460,2461
2454,2978
2454,3307
2454,5868
2447,2687
2463,2464
2454,5874
2454,4083
2454,3325
2466,3338
2466,4107
2470,5555
2473,2502
2470,2761
2470,4698
2473,3402
2470,3069
2467,3048
2477,3338
2477,4107
2466,4140
2473,3407
2466,2477
2473,4688
2466,3002
2473,3031
2466,2492
2473,2523
2477,4140
2473,2529
2478,2493
2480,3073
2480,5890
2477,3002
2473,3054
2480,2499
2477,2492
2480,4614
2473,4078
2480,3399
2473,2483
2480,3404
2480,2765
2480,2510
2473,2491
2480,4687
2480,3030
2480,2520
2473,2751
2484,2485
2482,2501
2480,4702
2480,2528
2483,2502
2480,4641
2466,3047
2480,2723
2482,3400
2466,2538
2480,5545
2480,4075
2482,3053
2482,3405
2483,3402
2480,4147
2483,3407
2480,3381
2483,4688
2480,5559
2480,2488
2482,2522
2477,3047
2483,3031
2480,5501
2477,2538
2480,2750
2483,2523
2483,2529
2466,5881
2477,5881
2483,3054
2483,4078
2489,2752
2489,4689
2489,3032
2483,2491
2489,4077
2483,2751
2491,2502
2491,3402
2491,3407
2491,4688
2491,3031
2491,2523
2491,2529
2491,3054
2491,4078
2491,2751
2492,3338
2492,4107
2492,4140
2492,3002
2492,3047
2492,2538
2492,5881
2499,3073
2499,5890
2499,4614
2499,3399
2499,3404
2499,2765
2499,2510
2499,4687
2499,3030
2499,2520
2499,4702
2499,2528
2499,4641
2499,2723
2499,5545
2499,4075
2499,4147
2499,3381
2499,5559
2499,5501
2499,2750
2501,3400
2501,3053
2501,3405
2501,2522
2488,3073
2488,5890
2488,2499
2488,4614
2488,3399
2488,3404
2488,2765
2488,2510
2488,4687
2488,3030
2488,2520
2488,4702
2488,2528
2488,4641
2488,2723
2488,5545
2488,4075
2488,4147
2488,3381
2488,5559
2488,5501
2488,2750
2502,3402
2502,3407
2502,4688
2502,3031
2502,2523
2502,2529
2502,3054
2502,4078
2508,2516
2502,2751
2508,2526
2510,3073
2510,5890
2510,4614
2508,3384
2510,3399
2507,3330
2510,3404
2507,3075
2510,2765
2507,4616
2510,4687
2510,3030
2510,2520
2507,2977
2510,4702
2507,5547
2510,2528
2510,4641
2507,3377
2507,3383
2510,2723
2507,5561
2510,5545
2507,3393
2507,5580
2510,4075
2510,4147
2510,3381
2507,2767
2510,5559
2507,2515
2507,2517
2510,5501
2510,2750
2507,2525
2507,3039
2507,4704
2507,4706
2507,4073
2515,3330
2515,3075
2515,4616
2507,5870
2507,5873
2507,4082
2515,2977
2515,5547
2515,3377
2515,3383
2515,5561
2516,2526
2515,3393
2507,3327
2515,5580
2515,2767
2515,2517
2515,2525
2515,3039
2515,4704
2515,4706
2516,3384
2515,4073
2515,5870
2517,3330
2517,3075
2515,5873
2517,4616
2515,4082
2517,2977
2517,5547
2515,3327
2520,3073
2517,3377
2520,5890
2517,3383
2517,5561
2520,4614
2520,3399
2517,3393
2520,3404
2517,5580
2520,2765
2523,3402
2522,3400
2523,3407
2520,4687
2517,2767
2520,3030
2523,4688
2520,4702
2522,3053
2520,2528
2520,4641
2522,3405
2523,3031
2517,2525
2520,2723
2517,3039
2520,5545
2517,4704
2523,2529
2517,4706
2517,4073
2520,4075
2517,5870
2517,5873
2520,4147
2517,4082
2523,3054
2520,3381
2523,4078
2520,5559
2517,3327
2520,5501
2520,2750
2523,2751
2525,3330
2525,3075
2525,4616
2526,3384
2529,3402
2525,2977
2525,5547
2529,3407
2529,4688
2525,3377
2525,3383
2525,5561
2529,3031
2525,3393
2525,5580
2525,2767
2525,3039
2529,3054
2525,4704
2525,4706
2529,4078
2525,4073
2525,5870
2525,5873
2525,4082
2529,2751
2525,3327
2532,6128
2532,6466
2532,3764
2532,3767
2532,6393
2532,3595
2532,4351
2538,3338
2538,4107
2538,4140
2538,3002
2528,3073
2528,5890
2538,3047
2528,4614
2528,3399
2538,5881
2528,3404
2528,2765
2528,4687
2528,3030
2528,4702
2528,4641
2528,2723
2528,5545
2528,4075
2528,4147
2528,3381
2528,5559
2528,5501
2528,2750
2546,2562
2558,2559
2563,2564
2577,2578
2590,2612
2640,2641
2674,2676
2702,2984
2702,2989
2707,2984
2702,3309
2702,5583
2702,2707
2707,2989
2707,3309
2707,5583
2702,4089
2702,5852
2707,4089
2707,5852
2702,4094
2707,4094
2709,2985
2709,2990
2709,4090
2709,4095
2710,4097
2710,2987
2723,3073
2723,5890
2719,3394
2723,4614
2710,3310
2710,2992
2718,3366
2723,3399
2710,5586
2723,3404
2719,3036
2710,4092
2723,2765
2710,5853
2723,4687
2723,3030
2723,4702
2723,4641
2723,5545
2721,3041
2723,4075
2721,3396
2723,4147
2723,3381
2723,5559
2723,5501
2723,2750
2727,3042
2727,3397
2727,3373
2730,3055
2728,3043
2731,3056
2731,3386
2733,3058
2734,3059
2734,3389
2732,3057
2736,4679
2732,3387
2738,5504
2738,4129
2739,4682
2738,4681
2738,4634
2736,4600
2737,4128
2736,4632
2736,5502
2736,3007
2736,4127
2737,4680
2737,4633
2737,5503
2735,3060
2745,4606
2748,3028
2748,5849
2748,3306
2748,4685
2747,3027
2747,4684
2749,4686
2749,3029
2750,3073
2750,5890
2750,4614
2750,3399
2751,3402
2750,3404
2752,4077
2752,4689
2751,3407
2752,3032
2750,2765
2754,4691
2750,4687
2751,4688
2750,3030
2751,3031
2750,4702
2750,4641
2750,5545
2755,4692
2750,4075
2755,5549
2751,3054
2751,4078
2750,4147
2750,3381
2750,5559
2750,5501
2757,4610
2756,4609
2757,5541
2757,5551
2756,4693
2757,4694
2756,5540
2756,5550
2758,4611
2757,3064
2756,3063
2760,5554
2759,4696
2761,5555
2758,4695
2761,4698
2761,3069
2759,5553
2758,5552
2760,4697
2759,3066
2758,3065
2762,5556
2762,4699
2762,3070
2764,3072
2764,4613
2763,4612
2764,5544
2763,4700
2764,5558
2764,4701
2763,5543
2766,3074
2765,3073
2765,5890
2766,4615
2765,4614
2765,3399
2765,3404
2763,5557
2766,5546
2765,4687
2765,3030
2767,3330
2767,3075
2766,5560
2767,4616
2765,4702
2765,4641
2766,4703
2763,3071
2767,2977
2765,5545
2767,5547
2767,3377
2767,3383
2765,4075
2767,5561
2767,3393
2767,5580
2765,4147
2765,3381
2765,5559
2767,3039
2767,4704
2767,4706
2765,5501
2767,4073
2767,5870
2767,5873
2767,4082
2767,3327
2775,2784
2779,2781
2789,2824
2808,2809
2808,2814
2813,2814
2818,2819
2821,2823
2831,2832
2841,2842
2857,2859
2858,3412
2858,3495
2860,3497
2858,2864
2860,2869
2860,3414
2864,3412
2864,3495
2869,3497
2869,3414
2876,2877
2870,2871
2892,2945
2890,2938
2892,2926
2890,2924
2901,2928
2917,2949
2926,2945
2924,2938
2975,4080
2975,5847
2975,3304
2976,4081
2974,4079
2977,3330
2977,3075
2977,4616
2977,5547
2977,3377
2977,3383
2977,5561
2977,3393
2977,5580
2979,4084
2977,3039
2977,4704
2977,4706
2977,4073
2977,5870
2977,5873
2977,4082
2977,3327
2978,3331
2980,4085
2978,5582
2978,5850
2981,5523
2981,4086
2978,3307
2978,5868
2978,5874
2978,4083
2978,3325
2984,2989
2984,3309
2982,4087
2984,5583
2984,4089
2984,5852
2984,4094
2985,2990
2986,4091
2983,4088
2985,4090
2985,4095
2987,4097
2989,3309
2987,3310
2989,5583
2987,2992
2987,5586
2987,4092
2989,4089
2989,5852
2987,5853
2989,4094
2991,4096
2990,4090
2988,4093
2990,4095
2992,4097
2993,4098
2992,3310
2992,5586
2992,4092
2992,5853
2995,4100
2994,4099
2996,4101
2998,4103
2998,5864
2998,3321
2997,4102
2997,5863
3000,5879
3000,3336
2997,3320
3000,4105
3001,5880
3001,3337
3001,4106
2999,5878
2999,3335
3003,5882
2999,4104
3002,3338
3005,5884
3003,3339
3006,5885
3005,3341
3003,4108
3006,3342
3005,4110
3002,4107
3006,4111
3007,4679
3007,4600
3007,4632
3007,5502
3002,4140
3007,4127
3008,4601
3004,3340
3004,4109
3002,3047
3013,4113
3013,5508
3013,4149
3013,5590
3014,4114
3013,4057
3013,4619
3014,5509
3013,4668
3014,4150
3004,5883
3002,5881
3015,4115
3014,4058
3015,5510
3015,4151
3015,4059
3015,4620
3015,4669
3016,5511
3016,4116
3016,4152
3016,4060
3012,5507
3012,4112
3012,5589
3021,4065
3012,4056
3021,4121
3023,5600
3022,4066
3021,5516
3023,4067
3021,4157
3023,4123
3023,5518
3024,4160
3023,4159
3024,4068
3022,4122
3024,4124
3022,4158
3024,5519
3012,4148
3025,5520
3025,4161
3025,4069
3025,4125
3028,5849
3028,3306
3028,4685
3031,3402
3027,4684
3030,3073
3029,4686
3030,5890
3031,3407
3031,4688
3030,4614
3030,3399
3030,3404
3032,4077
3030,4687
3032,4689
3033,4690
3031,3054
3031,4078
3034,3035
3030,4702
3030,4641
3036,3394
3030,5545
3030,4075
3030,4147
3030,3381
3030,5559
3030,5501
3038,3376
3037,3395
3039,3330
3039,3075
3039,4616
3040,4707
3039,5547
3039,3377
3039,3383
3039,5561
3040,3378
3039,3393
3039,5580
3039,4704
3039,4706
3042,3397
3039,4073
3039,5870
3042,3373
3039,5873
3039,4082
3039,3327
3041,3396
3041,3369
3045,3379
3047,3338
3047,4107
3047,4140
3047,5881
3053,3400
3053,3405
3056,3386
3054,3402
3059,3389
3054,3407
3054,4688
3054,4078
3061,5538
3057,3387
3062,4608
3061,5548
3063,4609
3062,5539
3065,4611
3062,5549
3061,4607
3065,4695
3063,4693
3063,5540
3065,5552
3063,5550
3066,4696
3068,3385
3066,5553
3069,5555
3069,4698
3070,5556
3064,4610
3072,4613
3071,4612
3070,4699
3072,5544
3071,4700
3072,5558
3064,4694
3071,5543
3072,4701
3074,4615
3071,5557
3064,5541
3074,5546
3064,5551
3074,5560
3074,4703
3075,3330
3075,4616
3077,3083
3075,5547
3081,3086
3079,3084
3075,3377
3075,3383
3075,5561
3075,3393
3075,5580
3075,4704
3075,4706
3075,4073
3075,5870
3075,5873
3075,4082
3075,3327
3092,3093
3092,3094
3093,3094
3095,3096
3097,3121
3103,3135
3104,3136
3101,3132
3105,3137
3106,3138
3107,3139
3108,3140
3109,3141
3110,3142
3073,5890
3073,4614
3073,3399
3073,3404
3073,4687
3073,4702
3073,4641
3073,5545
3073,4075
3073,4147
3073,3381
3073,5559
3073,5501
3115,3116
3117,3119
3113,3147
3156,3157
3168,5312
3170,3176
3171,3172
3171,3173
3171,3174
3172,3173
3171,3175
3173,3174
3173,3175
3174,3175
3181,3182
3186,3187
3186,3189
3185,3186
3185,3187
3185,3189
3187,3189
3193,4405
3196,4408
3197,4409
3196,3197
3196,3198
3197,3198
3198,4410
3209,3210
3222,3254
3222,3259
3254,3259
3264,3265
3264,3266
3264,3267
3265,3266
3265,3267
3266,3267
3272,3273
3272,3274
3272,3275
3274,3275
3273,3274
3273,3275
3295,3297
3296,3298
3303,5846
3304,4080
3304,5847
3300,3302
3305,5848
3307,3331
3306,5849
3306,4685
3307,5582
3307,5850
3307,5868
3307,5874
3307,4083
3307,3325
3309,5583
3310,4097
3308,5851
3311,5585
3310,5586
3311,5854
3310,4092
3310,5853
3309,4089
3309,5852
3312,5855
3313,5856
3309,4094
3314,5857
3315,5858
3315,5860
3316,5859
3315,3317
3318,5861
3319,5862
3320,4102
3320,5863
3321,4103
3321,5864
3317,5858
3317,5860
3324,5867
3325,3331
3323,5866
3325,5582
3322,5865
3325,5850
3325,5868
3325,5874
3325,4083
3327,3330
3327,4616
3327,5547
3327,3377
3327,3383
3327,5561
3326,5869
3327,3393
3327,5580
3327,4704
3327,4706
3327,4073
3327,5870
3327,5873
3327,4082
3329,5872
3328,5871
3330,4616
3330,5547
3330,3377
3330,3383
3330,5561
3330,3393
3330,5580
3330,4704
3330,4706
3330,4073
3330,5870
3330,5873
3330,4082
3331,5582
3332,5875
3331,5850
3334,5877
3331,5868
3331,5874
3331,4083
3333,5876
3335,5878
3335,4104
3337,5880
3337,4106
3336,5879
3336,4105
3338,4107
3339,5882
3338,4140
3339,4108
3341,5884
3341,4110
3342,5885
3342,4111
3338,5881
3344,4643
3343,4642
3346,4645
3348,4647
3340,4109
3349,4649
3352,4652
3353,4653
3351,4651
3350,4650
3354,4654
3357,4657
3356,4656
3340,5883
3359,4659
3360,4660
3355,4655
3362,4662
3363,4663
3361,4661
3364,4664
3365,4665
3358,4658
3373,3397
3378,4707
3377,4616
3377,5547
3377,3383
3377,5561
3377,3393
3377,5580
3377,4704
3377,4706
3377,4073
3377,5870
3377,5873
3381,5890
3377,4082
3381,4614
3381,3399
3381,3404
3381,4687
3381,4702
3381,4641
3381,5545
3381,4075
3381,4147
3383,4616
3381,5559
3381,5501
3383,5547
3383,5561
3383,3393
3383,5580
3383,4704
3383,4706
3383,4073
3383,5870
3383,5873
3383,4082
3393,4616
3395,4644
3393,5547
3393,5561
3393,5580
3393,4704
3393,4706
3393,4073
3393,5870
3393,5873
3393,4082
3399,5890
3399,4614
3399,3404
3399,4687
3399,4702
3399,4641
3400,3405
3399,5545
3399,4075
3399,4147
3399,5559
3399,5501
3404,5890
3402,3407
3404,4614
3402,4688
3404,4687
3404,4702
3402,4078
3404,4641
3404,5545
3404,4075
3404,4147
3404,5559
3404,5501
3407,4688
3407,4078
3412,3495
3414,3497
3416,3484
3419,3487
3423,3502
3417,3485
3418,3486
3425,3522
3425,3523
3425,3524
3435,3448
3466,3469
3467,3470
3465,3468
3489,3490
3504,3505
3504,3506
3503,3504
3503,3505
3503,3506
3504,3512
3504,3513
3504,3514
3503,3512
3504,3515
3503,3513
3503,3514
3503,3515
3505,3506
3505,3512
3505,3513
3505,3514
3505,3515
3510,3511
3506,3512
3506,3513
3506,3514
3506,3515
3512,3513
3512,3514
3512,3515
3513,3514
3513,3515
3514,3515
3518,3522
3518,3523
3518,3524
3519,3520
3519,3521
3519,3522
3519,3523
3519,3525
3520,3521
3520,3522
3520,3524
3520,3525
3521,3523
3521,3524
3521,3525
3522,3523
3522,3524
3522,3525
3523,3524
3523,3525
3524,3525
3526,4002
3526,4963
3531,4007
3532,4035
3532,4008
3533,4036
3535,4417
3535,4970
3535,4012
3536,4972
3536,4013
3538,6080
3538,6020
3538,6052
3538,6344
3538,6409
3540,6346
3509,3510
3548,6354
3551,3552
3553,6031
3559,6037
3553,6357
3559,6363
3560,6098
3560,6429
3564,6433
3564,6101
3565,6434
3567,6371
3568,6372
3558,6036
3558,6362
3565,6102
3569,3572
3569,3575
3570,6373
3572,3578
3573,6375
3573,6041
3571,6374
3574,6376
3575,3578
3576,6042
3576,6377
3579,6379
3577,6378
3580,6113
3581,6114
3581,6450
3579,6043
3580,6380
3581,6381
3580,6449
3582,3585
3584,6116
3583,6382
3584,6383
3584,6453
3586,6384
3587,6385
3590,6046
3591,6389
3595,6128
3595,6466
3595,3764
3595,3767
3595,6393
3595,4351
3593,6391
3600,5376
3601,5377
3602,5378
3603,5379
3604,5380
3607,3969
3607,5383
3607,3622
3609,3953
3612,3956
3608,3952
3613,3957
3614,3958
3594,6392
3615,3618
3616,3619
3616,3960
3615,3959
3615,3962
3617,3961
3616,3963
3619,3960
3619,3963
3618,3959
3618,3962
3621,3968
3621,5382
3622,3969
3622,5383
3635,3636
3635,3637
3635,3638
3635,3641
3636,3637
3636,3638
3636,3641
3606,3968
3637,3638
3606,5382
3637,3641
3638,3641
3606,3621
3642,3645
3643,3644
3647,3648
3657,3664
3657,3682
3664,3682
3668,3678
3669,3681
3685,3691
3686,3692
3688,3694
3715,3719
3715,4168
3715,3726
3719,4168
3719,3726
3726,4168
3733,3740
3733,3743
3734,3744
3734,3737
3734,3741
3737,3744
3737,3741
3741,3744
3740,3743
3747,3779
3748,3750
3749,3751
3754,3756
3755,3757
3755,3759
3738,3742
3757,3759
3761,3789
3762,4349
3763,3785
3764,6128
3763,4350
3764,6466
3764,3767
3764,6393
3766,3787
3764,4351
3767,6128
3767,6466
3767,6393
3767,4351
3770,3772
3756,3758
3771,3773
3785,4350
3800,3810
3800,3802
3800,3805
3800,3806
3802,3810
3802,3803
3803,3805
3803,3806
3802,3805
3802,3806
3806,3810
3805,3810
3805,3806
3815,4293
3816,4294
3818,4296
3819,4297
3817,4295
3821,4299
3822,4300
3820,4298
3820,4301
3824,4302
3820,3823
3825,4303
3823,4298
3823,4301
3828,4306
3827,4305
3826,4304
3830,4308
3831,4309
3833,4311
3829,4307
3829,4313
3829,3835
3832,4310
3834,4312
3835,4307
3835,4313
3838,4316
3840,4318
3841,4319
3842,4320
3837,4315
3843,4321
3844,4322
3845,4323
3846,4324
3847,4325
3839,4317
3849,3856
3853,3859
3852,3858
3870,3874
3886,3905
3887,3906
3898,3904
3920,4711
3947,3948
3960,3963
3969,5383
3968,5382
3973,6397
3977,6400
3959,3962
3988,3989
3987,3989
3996,3997
4002,4963
4012,4417
4012,4970
4008,4035
4013,4972
4000,4001
4030,4031
4054,5587
4054,4630
4054,4605
4055,5588
4055,4631
4057,4113
4057,5508
4057,4149
4057,5590
4055,4606
4057,4619
4057,4668
4058,4114
4058,5509
4058,4150
4056,5507
4059,4115
4056,4112
4056,5589
4059,5510
4059,4151
4059,4620
4059,4669
4056,4148
4060,5511
4060,4116
4060,4152
4065,4121
4065,5516
4065,4157
4066,4122
4066,4158
4067,5600
4067,4123
4067,5518
4067,4159
4068,4160
4069,5520
4069,4161
4068,4124
4068,5519
4069,4125
4073,4616
4077,4689
4073,5547
4073,5561
4073,5580
4073,4704
4073,4706
4073,5870
4073,5873
4073,4082
4075,5890
4078,4688
4080,5847
4075,4614
4075,4687
4075,4702
4075,4641
4075,5545
4075,4147
4075,5559
4075,5501
4082,4616
4082,5547
4082,5561
4082,5580
4083,5582
4082,4704
4082,4706
4083,5850
4082,5870
4082,5873
4083,5868
4083,5874
4086,5523
4089,5583
4089,5852
4089,4094
4090,4095
4092,4097
4092,5586
4092,5853
4094,5583
4094,5852
4097,5586
4097,5853
4102,5863
4103,5864
4104,5878
4105,5879
4106,5880
4107,4140
4107,5881
4108,5882
4110,5884
4111,5885
4113,5508
4113,4149
4113,5590
4114,5509
4113,4619
4114,4150
4113,4668
4115,5510
4115,4151
4116,5511
4115,4620
4115,4669
4116,4152
4109,5883
4112,5507
4112,5589
4121,5516
4121,4157
4112,4148
4122,4158
4123,5600
4124,4160
4123,5518
4124,5519
4123,4159
4126,5521
4125,5520
4125,4161
4128,4680
4128,4633
4128,5503
4127,4679
4127,4600
4127,4632
4127,5502
4129,5504
4129,4681
4129,4634
4140,5881
4143,5497
4143,4637
4145,5888
4145,5499
4145,4639
4146,4640
4146,5889
4146,5500
4144,5498
4148,5507
4144,4638
4148,5589
4144,5887
4149,5508
4149,5590
4149,4619
4149,4668
4150,5509
4147,5890
4147,4614
4151,5510
4147,4687
4151,4620
4151,4669
4147,4702
4147,4641
4147,5545
4147,5559
4147,5501
4152,5511
4157,5516
4159,5600
4159,5518
4161,5520
4160,5519
4170,5247
4174,4175
4178,4179
4180,4181
4185,4222
4190,4191
4266,4267
4266,4268
4267,4268
4269,4271
4268,4270
4272,4274
4272,4275
4272,4276
4272,4280
4272,4281
4272,4286
4274,4275
4274,4276
4274,4280
4274,4281
4275,4276
4275,4280
4275,4281
4276,4277
4276,4280
4276,4281
4280,4281
4289,4291
4298,4301
4307,4313
4327,4328
4326,4327
4326,4328
4326,4329
4327,4329
4328,4329
4330,4341
4331,4342
4332,4343
4333,4344
4334,4345
4335,4346
4336,4337
4338,4340
4351,6128
4351,6466
4351,6393
4378,6001
4382,4384
4379,5076
4379,5991
4378,5075
4378,6003
4381,4387
4378,5990
4378,4793
4382,4385
4382,4386
4395,4396
4396,4397
4395,4397
4396,4398
4395,4398
4395,4399
4396,4399
4395,4401
4396,4401
4398,4399
4398,4401
4397,4398
4397,4399
4397,4401
4399,4401
4407,6264
4408,4409
4409,4410
4408,4410
4413,4947
4417,4970
4445,4446
4466,4471
4466,4476
4471,4476
4475,4480
4532,4533
4539,5698
4539,4547
4540,5028
4541,4545
4541,4549
4541,4557
4541,4565
4539,5027
4540,5715
4540,4564
4541,4569
4539,5035
4540,5691
4540,5052
4539,5690
4541,4573
4541,4581
4543,4555
4545,4549
4542,4554
4545,4557
4545,4565
4542,4566
4545,4569
4545,4573
4545,4581
4544,5056
4548,5699
4548,5060
4544,5707
4544,4556
4544,5068
4544,5719
4544,4568
4547,5698
4544,5731
4544,4580
4548,5723
4544,5032
4544,5044
4548,4572
4544,5695
4548,5036
4547,5027
4547,5035
4547,5690
4549,4557
4549,4565
4549,4569
4549,4573
4549,4581
4552,5703
4552,5064
4552,5727
4552,4576
4553,4577
4552,5040
4551,5702
4551,5710
4551,4559
4556,5056
4554,4578
4556,5707
4556,5068
4556,5719
4556,4568
4556,5731
4556,4580
4556,5032
4556,5044
4556,5695
4557,4565
4557,4569
4551,5039
4557,4573
4557,4581
4551,5047
4559,5702
4559,5710
4559,5039
4559,5047
4560,5711
4560,5072
4560,5735
4560,4584
4560,5048
4564,5028
4561,4585
4564,5715
4564,5691
4564,5052
4565,4569
4565,4573
4565,4581
4563,4571
4568,5056
4566,4578
4568,5707
4568,5068
4568,5719
4568,5731
4568,4580
4568,5032
4568,5044
4568,5695
4569,4573
4569,4581
4572,5699
4572,5060
4572,5723
4567,4579
4572,5036
4573,4581
4576,5703
4576,5064
4575,4583
4576,5727
4576,5040
4580,5056
4580,5707
4580,5068
4580,5719
4580,5731
4580,5032
4580,5044
4580,5695
4584,5711
4584,5072
4584,5735
4584,5048
4587,4979
4592,5007
4600,4679
4600,4632
4600,5502
4606,5588
4606,4631
4605,5587
4605,4630
4607,5538
4607,5548
4608,5539
4608,5549
4609,4693
4609,5540
4609,5550
4611,5552
4613,5544
4612,4700
4612,5543
4613,5558
4614,5890
4612,5557
4610,5541
4614,4687
4613,4701
4610,5551
4614,4702
4615,5546
4614,4641
4615,5560
4614,5545
4610,4694
4615,4703
4614,5559
4614,5501
4616,5547
4616,5561
4616,5580
4616,4704
4616,4706
4616,5870
4616,5873
4617,4666
4619,5508
4619,5590
4619,4668
4620,5510
4620,4669
4624,4673
4623,4672
4627,4676
4628,4677
4630,5587
4618,4667
4632,4679
4632,5502
4633,4680
4633,5503
4634,5504
4634,4681
4637,5497
4638,5498
4638,5887
4639,5888
4639,5499
4640,5889
4631,5588
4640,5500
4641,5890
4641,4687
4641,4702
4641,5545
4641,5559
4641,5501
4668,5508
4668,5590
4669,5510
4679,5502
4681,5504
4680,5503
4685,5849
4687,5890
4687,4702
4687,5545
4687,5559
4687,5501
4692,5549
4693,5540
4693,5550
4694,5541
4694,5551
4697,5554
4696,5553
4698,5555
4699,5556
4695,5552
4701,5544
4701,5558
4702,5890
4702,5545
4702,5559
4702,5501
4703,5546
4703,5560
4704,5547
4704,5561
4704,5580
4704,4706
4700,5543
4704,5870
4704,5873
4700,5557
4706,5547
4706,5561
4706,5580
4706,5870
4706,5873
4722,4723
4739,4740
4743,4774
4794,6002
4794,6004
4793,6001
4793,5075
4793,6003
4793,5990
4799,4802
4812,4815
4855,4894
4869,4921
4869,4876
4874,4880
4876,4921
4873,4879
4899,4916
4911,4912
4909,4910
4943,4944
5000,5001
5013,5014
5024,5684
5025,5687
5027,5698
5027,5035
5028,5715
5029,5696
5027,5690
5029,5057
5028,5691
5029,5700
5028,5052
5029,5061
5029,5708
5029,5069
5029,5716
5029,5720
5029,5724
5029,5732
5029,5033
5029,5037
5029,5045
5029,5692
5029,5053
5026,5689
5030,5705
5032,5056
5030,5717
5032,5707
5032,5068
5033,5696
5033,5057
5030,5042
5032,5719
5033,5700
5033,5061
5032,5731
5033,5708
5033,5069
5030,5693
5032,5044
5033,5716
5030,5054
5033,5720
5033,5724
5032,5695
5033,5732
5033,5037
5033,5045
5033,5692
5033,5053
5031,5043
5031,5694
5034,5697
5031,5706
5036,5699
5036,5060
5037,5696
5037,5057
5037,5700
5037,5061
5036,5723
5037,5708
5037,5069
5037,5716
5037,5720
5037,5724
5037,5732
5037,5045
5037,5692
5037,5053
5035,5698
5038,5701
5035,5690
5040,5703
5040,5064
5040,5727
5041,5704
5041,5065
5042,5705
5042,5066
5041,5728
5042,5729
5042,5693
5043,5694
5044,5056
5045,5696
5045,5057
5045,5700
5043,5706
5044,5707
5045,5061
5045,5708
5044,5068
5045,5069
5044,5719
5045,5716
5044,5731
5045,5720
5045,5724
5045,5732
5045,5692
5044,5695
5045,5053
5039,5702
5039,5710
5046,5709
5039,5047
5048,5711
5048,5072
5048,5735
5047,5702
5047,5710
5049,5712
5049,5073
5049,5736
5051,5059
5051,5714
5051,5722
5053,5696
5053,5057
5053,5700
5053,5061
5053,5708
5053,5069
5050,5713
5052,5715
5053,5716
5053,5720
5053,5724
5052,5691
5053,5732
5053,5692
5056,5707
5056,5068
5057,5696
5055,5067
5057,5700
5056,5719
5057,5061
5056,5731
5057,5708
5057,5069
5055,5718
5057,5716
5057,5720
5056,5695
5057,5724
5057,5732
5055,5730
5057,5692
5058,5721
5054,5066
5059,5714
5054,5717
5061,5696
5054,5729
5061,5700
5061,5708
5054,5693
5061,5069
5059,5722
5061,5716
5061,5720
5061,5724
5061,5732
5061,5692
5060,5699
5060,5723
5062,5725
5064,5703
5064,5727
5065,5704
5065,5728
5066,5705
5066,5717
5066,5729
5069,5696
5068,5707
5069,5700
5069,5708
5067,5718
5068,5719
5069,5716
5069,5720
5068,5731
5069,5724
5067,5730
5069,5732
5068,5695
5069,5692
5070,5733
5063,5071
5063,5726
5063,5734
5072,5711
5072,5735
5075,6001
5078,5079
5075,6003
5076,5991
5075,5990
5073,5712
5073,5736
5086,5087
5071,5726
5071,5734
5104,5131
5105,5141
5104,5140
5106,5142
5110,5138
5114,5115
5131,5140
5147,5148
5154,5156
5158,5159
5194,5195
5210,5212
5229,5232
5229,5231
5252,5264
5254,5266
5291,5293
5291,5294
5293,5294
5316,5349
5319,5320
5321,5354
5324,5325
5340,5362
5376,5377
5385,5633
5385,5386
5386,5633
5388,5634
5389,5635
5384,5631
5390,5636
5392,5410
5393,5411
5394,5412
5391,5409
5395,5413
5397,5638
5397,5642
5397,5401
5398,5639
5399,5640
5398,5647
5399,5644
5398,5406
5399,5403
5396,5637
5396,5641
5396,5400
5401,5638
5403,5640
5401,5642
5403,5644
5405,5646
5402,5643
5400,5637
5400,5641
5404,5645
5407,5648
5408,5649
5406,5639
5406,5647
5422,5668
5424,5664
5424,5670
5422,5428
5423,5669
5425,5665
5422,5662
5421,5427
5424,5430
5426,5666
5421,5661
5426,5432
5426,5672
5423,5429
5425,5431
5423,5663
5425,5671
5428,5668
5429,5669
5428,5662
5429,5663
5430,5664
5430,5670
5431,5665
5431,5671
5432,5666
5432,5672
5427,5667
5427,5661
5440,5441
5469,5470
5475,5476
5475,5479
5476,5479
5477,5478
5481,5482
5485,5487
5485,5489
5487,5489
5499,5888
5501,5890
5500,5889
5498,5887
5501,5545
5501,5559
5508,5590
5507,5589
5518,5600
5538,5548
5539,5549
5540,5550
5541,5551
5544,5558
5545,5890
5543,5557
5545,5559
5546,5560
5547,5561
5547,5580
5547,5870
5547,5873
5559,5890
5562,5570
5563,5571
5564,5572
5566,5574
5561,5580
5569,5577
5561,5870
5561,5873
5585,5854
5580,5870
5582,5850
5580,5873
5582,5868
5582,5874
5583,5852
5586,5853
5606,6018
5606,5608
5606,5676
5607,6017
5608,6018
5607,5609
5607,5674
5609,6017
5609,5674
5608,5676
5637,5641
5638,5642
5640,5644
5639,5647
5661,5667
5662,5668
5663,5669
5664,5670
5665,5671
5666,5672
5674,6017
5676,6018
5677,6019
5688,6078
5690,5698
5691,5715
5692,5696
5692,5700
5692,5708
5692,5716
5692,5720
5692,5724
5692,5732
5693,5705
5693,5717
5695,5707
5696,5700
5694,5706
5695,5719
5695,5731
5696,5708
5696,5716
5696,5720
5696,5724
5696,5732
5699,5723
5700,5708
5700,5716
5700,5720
5700,5724
5700,5732
5702,5710
5704,5728
5703,5727
5705,5729
5708,5716
5708,5720
5708,5724
5708,5732
5707,5719
5707,5731
5711,5735
5712,5736
5716,5720
5716,5724
5716,5732
5717,5729
5718,5730
5714,5722
5720,5724
5720,5732
5719,5731
5724,5732
5726,5734
5738,5762
5740,5764
5741,5764
5740,5765
5741,5765
5741,5742
5740,5741
5740,5742
5742,5766
5744,5768
5743,5767
5743,5744
5747,5776
5747,5748
5747,5775
5748,5776
5750,5778
5748,5775
5751,5779
5750,5751
5754,5781
5755,5782
5756,5783
5757,5784
5764,5765
5765,5766
5764,5766
5752,5780
5767,5768
5775,5776
5778,5779
5805,5806
5850,5868
5850,5874
5858,5860
5868,5874
5870,5873
5929,5930
5932,5933
5936,6213
5936,6279
5937,5938
5941,5942
5941,5944
5941,5945
5944,5945
5942,5944
5943,5946
5942,5945
5990,6001
5990,6003
5997,5999
6001,6003
6002,6004
6014,6015
6020,6052
6028,6059
6020,6344
6033,6064
6030,6061
6035,6066
6031,6357
6036,6362
6038,6069
6036,6067
6042,6377
6043,6379
6041,6375
6049,6078
6052,6080
6052,6344
6052,6409
6037,6363
6068,6097
6068,6428
6072,6442
6073,6445
6072,6108
6074,6112
6073,6110
6074,6448
6076,6459
6080,6344
6080,6409
6082,6411
6090,6419
6092,6423
6093,6424
6091,6422
6095,6426
6096,6427
6098,6429
6099,6430
6100,6431
6101,6433
6102,6434
6097,6428
6103,6435
6104,6436
6105,6437
6106,6439
6108,6442
6109,6443
6107,6440
6110,6445
6112,6448
6113,6380
6113,6449
6114,6450
6114,6381
6116,6383
6115,6452
6116,6453
6117,6455
6118,6456
6111,6446
6122,6460
6124,6462
6126,6464
6128,6466
6128,6393
6129,6394
6130,6395
6145,6147
6145,6149
6147,6149
6146,6148
6146,6150
6148,6150
6144,6146
6144,6148
6144,6150
6158,6162
6159,6160
6204,6270
6207,6272
6207,6273
6205,6271
6206,6272
6208,6209
6208,6210
6206,6273
6209,6210
6206,6207
6213,6279
6212,6278
6211,6277
6214,6215
6218,6219
6218,6284
6218,6220
6218,6221
6218,6285
6218,6222
6218,6223
6218,6287
6220,6221
6219,6220
6220,6285
6219,6284
6219,6285
6220,6222
6219,6221
6220,6223
6219,6222
6219,6223
6219,6288
6221,6284
6221,6222
6221,6287
6221,6223
6221,6288
6224,6290
6223,6288
6227,6292
6222,6285
6222,6223
6222,6287
6222,6288
6229,6294
6230,6295
6228,6293
6232,6297
6231,6296
6238,6303
6240,6246
6241,6243
6241,6244
6241,6245
6249,6250
6254,6256
6254,6257
6254,6258
6254,6260
6255,6256
6254,6255
6255,6257
6255,6258
6255,6260
6257,6258
6257,6260
6256,6257
6256,6258
6258,6260
6256,6260
6262,6263
6265,6266
6265,6267
6266,6267
6272,6273
6274,6275
6275,6276
6280,6281
6284,6285
6284,6287
6284,6288
6285,6287
6285,6288
6286,6289
6287,6288
6300,6301
6344,6409
6381,6450
6380,6449
6383,6453
6393,6466
6420,6421
6438,6441
6444,6447
6451,6454
