2,3
0,2
0,3
0,4
2,4
3,4
7,8
7,9
6,7
6,8
6,9
8,9
18,20
21,22
25,1747
25,538
25,364
26,1748
25,110
26,539
26,365
32,501
32,502
32,503
32,504
26,378
32,505
32,507
54,56
60,61
62,357
62,1360
68,69
68,70
69,70
76,1617
76,399
77,78
79,80
86,87
86,88
86,90
86,91
86,92
86,94
86,95
85,86
85,87
85,88
87,88
85,90
87,89
87,90
87,91
85,91
87,92
87,93
87,94
85,92
87,95
87,96
85,94
85,95
85,96
88,89
89,93
88,90
88,91
89,96
88,92
88,94
88,95
88,96
90,91
90,92
90,93
90,94
90,95
90,96
92,94
92,95
92,96
93,96
91,92
91,94
91,95
91,96
94,95
94,96
100,103
100,104
95,96
103,104
99,100
111,128
110,1747
110,538
111,216
110,364
112,129
98,99
98,100
116,130
116,307
116,196
116,309
116,198
117,131
118,132
119,133
120,134
121,135
122,136
123,137
124,125
127,215
130,307
130,196
130,309
130,198
138,220
128,216
143,256
143,257
143,144
144,256
144,257
143,145
144,258
144,261
143,146
143,147
144,145
144,146
144,147
144,148
144,151
145,256
143,253
145,257
143,254
143,255
146,256
146,257
147,256
147,257
145,146
145,147
146,147
144,253
144,254
144,255
148,258
148,261
148,151
145,253
147,253
147,254
147,255
145,254
148,254
145,255
146,253
146,254
146,255
127,377
149,259
149,271
149,272
149,273
149,274
149,275
149,276
149,277
149,278
149,282
149,161
149,162
149,163
149,164
149,165
149,166
149,167
149,168
149,172
149,312
151,258
151,261
151,262
151,152
151,254
152,261
152,262
153,263
153,264
153,154
150,260
154,263
154,264
154,265
154,267
154,155
154,157
155,264
155,265
155,267
157,264
157,265
159,269
157,267
161,259
161,271
160,268
162,259
162,271
162,272
160,270
162,273
163,259
162,274
163,271
162,275
163,272
162,276
163,273
162,277
163,274
162,278
163,275
162,282
163,276
163,277
163,278
156,266
162,163
163,282
162,164
162,165
162,166
162,167
163,164
163,165
163,166
161,272
163,167
163,168
161,273
163,172
161,274
161,275
163,312
162,168
161,276
162,172
161,277
162,312
161,278
164,259
161,282
165,259
164,271
165,271
164,272
165,272
164,273
161,162
165,273
166,259
164,274
165,274
164,275
166,271
165,275
161,163
164,276
165,276
164,277
165,277
161,164
165,278
164,278
161,165
161,166
161,167
165,282
164,282
161,168
161,172
164,165
161,312
164,166
166,272
164,167
164,168
164,172
165,166
165,167
165,168
166,273
165,172
166,274
165,312
166,275
166,276
164,312
166,277
166,278
166,282
167,259
168,259
166,167
167,271
166,168
168,271
169,279
168,272
168,273
168,274
167,272
168,275
167,273
168,276
167,274
170,280
168,277
167,275
168,278
167,276
168,282
167,277
167,278
171,173
168,172
171,174
167,282
171,175
171,176
168,312
167,168
167,172
167,312
171,281
171,283
171,285
171,286
171,287
172,259
172,271
172,272
172,273
172,274
172,275
172,276
172,277
172,278
172,282
172,312
158,160
155,157
173,174
173,175
173,176
173,281
173,283
166,172
166,312
158,268
175,176
158,270
175,281
175,283
175,285
175,286
175,287
174,175
174,176
174,281
179,288
174,283
174,285
174,286
179,290
174,287
180,291
180,292
180,181
176,281
176,283
176,285
176,286
176,287
181,291
181,292
182,293
178,288
178,289
183,197
177,288
183,294
177,289
183,295
177,290
184,294
183,300
184,295
184,297
184,186
177,178
177,179
183,308
183,184
183,189
185,296
186,295
186,297
187,298
188,299
191,302
189,197
190,300
189,294
187,300
189,298
189,300
189,301
189,308
192,303
187,189
190,301
189,190
194,304
195,197
196,307
194,305
197,294
197,300
195,306
197,306
195,308
197,308
199,310
198,309
173,285
173,286
173,287
193,194
193,304
193,305
200,313
205,206
215,377
226,227
226,228
229,242
231,232
236,237
236,238
236,240
237,238
237,240
235,236
235,237
235,238
235,240
238,240
245,247
253,256
253,257
253,254
253,255
254,256
254,257
254,258
254,261
254,255
256,257
258,261
259,271
259,272
259,273
259,274
259,275
259,276
259,277
259,278
259,282
259,312
255,256
255,257
263,264
261,262
264,265
264,267
265,267
271,272
271,273
271,274
271,275
271,276
271,277
271,278
271,282
268,270
271,312
272,273
272,274
272,275
272,276
272,277
272,278
272,282
272,312
273,274
273,275
273,276
273,277
274,275
273,278
274,276
273,282
274,277
275,276
274,278
275,277
274,282
276,277
275,278
273,312
276,278
275,282
276,282
274,312
275,312
276,312
277,278
278,282
277,282
278,312
277,312
281,283
281,285
281,286
281,287
282,312
283,285
285,286
286,287
288,289
283,286
285,287
288,290
283,287
291,292
295,297
294,295
294,300
294,308
298,300
300,301
300,308
306,308
304,305
319,320
318,320
319,321
318,321
319,322
318,322
319,323
318,323
320,321
320,322
320,323
318,319
321,322
321,323
322,323
330,331
332,333
332,334
333,334
342,935
342,1480
342,1390
345,346
344,347
342,1454
342,943
342,402
342,1362
342,1620
342,1110
342,1334
342,1562
342,1499
353,1495
354,1354
352,1494
356,1356
356,1498
357,1360
358,367
359,369
359,371
360,370
364,1747
364,538
365,1748
366,1749
365,378
365,539
369,371
369,373
371,373
378,1748
378,539
382,384
382,387
382,388
383,384
383,385
383,389
384,386
384,390
385,389
385,391
386,387
386,390
382,383
386,392
387,388
387,393
388,389
388,390
388,393
389,390
389,391
390,392
392,393
397,398
399,1617
402,935
402,1480
402,1390
402,1454
402,943
402,1362
402,1620
402,1110
402,1334
402,1562
402,1499
404,405
404,406
404,407
405,406
405,407
406,407
412,413
411,412
411,413
417,418
417,419
417,420
419,420
418,419
418,420
421,1371
421,1503
424,425
424,426
425,426
428,1372
434,435
434,436
435,436
439,460
439,462
438,439
446,449
455,456
457,458
459,460
459,461
459,462
460,461
460,462
461,462
463,464
463,465
463,466
467,1505
467,1590
464,465
467,1466
464,466
465,466
468,469
475,1383
486,1509
486,1479
485,1687
486,1519
485,1597
485,1478
485,1611
486,1491
485,1490
485,1508
485,1518
489,492
489,493
492,493
490,491
494,495
501,502
501,503
501,504
501,505
502,503
502,504
502,505
502,507
503,504
501,507
504,505
503,505
504,507
503,507
505,507
515,516
515,517
516,518
515,519
516,520
510,511
517,518
517,519
518,520
519,520
521,522
521,523
521,524
521,526
521,527
521,528
521,529
523,524
523,526
523,527
523,528
523,529
524,526
524,527
524,528
524,529
522,523
522,524
522,526
522,527
526,527
522,528
526,528
526,529
522,529
525,530
528,529
532,533
532,534
532,535
532,536
527,528
527,529
533,534
534,535
533,535
534,536
533,536
541,542
539,1748
543,544
543,545
543,546
544,545
545,546
544,546
538,1747
547,548
547,549
547,550
547,551
547,552
547,553
547,554
547,555
547,556
547,557
547,558
547,559
535,536
547,560
547,561
547,566
547,567
547,568
547,569
547,570
547,571
547,572
547,573
549,550
548,549
549,551
548,550
548,551
548,552
548,553
548,554
548,555
549,552
549,553
548,556
549,554
548,557
549,555
548,558
548,559
549,556
549,557
548,560
549,558
549,559
549,560
548,561
549,561
549,566
548,566
549,567
548,567
549,568
548,568
549,569
548,569
549,570
548,570
549,571
548,571
549,572
548,572
549,573
548,573
550,551
550,552
550,553
550,554
550,555
550,556
550,557
550,558
550,559
550,560
551,552
551,553
551,554
551,555
550,561
550,562
551,556
551,557
550,566
550,567
551,558
550,568
551,559
550,569
551,560
550,570
550,571
550,572
550,573
552,553
552,554
552,555
551,561
552,556
552,557
552,558
551,562
552,559
552,560
551,566
551,567
552,561
551,568
551,569
551,570
551,571
551,572
551,573
552,562
552,566
552,567
552,568
552,569
552,570
552,571
552,572
552,573
554,555
554,556
554,557
554,558
554,559
553,554
553,555
553,556
555,556
553,557
555,557
553,558
555,558
553,559
555,559
553,560
555,560
553,561
555,561
553,562
555,562
553,566
553,567
553,568
553,569
553,570
555,566
554,560
553,571
553,572
555,567
553,573
554,561
555,568
554,562
555,569
555,570
555,571
555,572
556,557
555,573
556,558
556,559
556,560
556,561
554,566
556,562
556,566
556,567
556,568
556,569
556,570
554,567
556,571
556,572
556,573
554,568
554,569
554,570
554,571
554,572
554,573
558,559
558,560
558,561
558,562
558,566
558,567
558,568
558,569
558,570
558,571
559,560
558,572
559,561
558,573
559,562
559,566
559,567
559,568
559,569
559,570
559,571
559,572
559,573
560,561
560,562
560,566
560,570
563,564
562,570
562,571
562,572
561,562
562,573
561,566
561,570
557,558
557,559
557,560
557,561
557,562
557,566
557,567
557,568
557,569
557,570
557,571
557,572
557,573
566,567
566,568
566,569
569,570
566,570
566,571
566,572
566,573
568,569
568,570
570,571
570,572
570,573
570,574
570,575
571,572
571,573
572,573
574,575
567,568
567,569
567,570
578,579
578,580
578,581
579,896
580,897
579,580
579,581
580,581
579,582
580,582
581,898
581,582
580,603
578,582
581,604
578,601
578,895
582,900
579,602
583,901
583,600
582,606
583,894
583,607
577,593
577,887
586,609
586,903
587,904
587,905
588,904
588,905
587,588
588,610
588,611
587,610
587,611
592,886
593,887
594,595
594,596
595,896
596,897
596,597
594,597
596,598
594,598
596,599
594,599
594,601
597,898
595,596
597,598
595,597
597,599
595,598
595,599
597,604
596,603
594,888
594,889
594,890
594,891
594,892
596,888
594,893
596,889
596,890
594,895
596,891
596,892
595,602
596,893
598,899
598,599
599,900
595,888
595,889
595,890
595,891
595,892
595,893
600,901
599,606
599,888
599,889
599,890
601,896
599,891
601,897
599,892
599,893
598,605
597,888
597,889
597,890
601,898
601,899
601,900
598,888
598,889
598,890
598,891
601,602
597,891
601,603
597,892
601,604
597,893
601,605
603,896
602,896
603,897
602,897
603,898
602,898
601,606
598,892
603,899
598,893
602,899
600,607
603,900
602,900
604,896
604,897
604,898
603,604
604,899
604,900
602,603
600,894
603,605
603,606
601,888
605,896
602,604
605,897
602,605
605,898
602,606
604,605
601,895
604,606
606,896
606,897
606,898
603,890
606,899
606,900
605,899
605,900
605,606
602,889
603,895
605,892
605,895
602,895
606,893
606,895
609,903
607,901
610,904
610,905
604,891
604,895
611,904
611,905
590,591
607,894
610,611
617,618
617,619
617,622
617,623
617,626
618,619
618,622
618,623
618,626
618,629
617,629
619,622
619,623
619,626
619,629
620,624
620,627
620,630
621,625
622,623
622,626
622,629
624,627
624,630
627,630
626,629
628,631
635,641
623,626
623,629
636,637
636,638
642,677
642,684
642,686
642,687
643,644
644,645
643,689
637,638
642,703
642,704
643,692
643,697
645,647
649,650
655,706
654,656
654,658
654,660
654,662
654,664
654,666
655,657
654,668
655,659
654,674
655,663
656,658
655,669
656,660
657,706
656,662
656,664
656,666
656,668
657,659
656,674
654,694
654,700
657,663
658,660
658,662
658,664
658,666
658,668
657,669
658,674
656,694
656,700
659,669
658,694
660,662
658,700
660,664
660,666
660,668
660,674
660,694
662,664
660,700
662,666
662,668
662,674
663,667
662,694
662,700
664,666
664,668
664,674
663,669
664,694
664,700
669,706
668,674
666,668
666,674
668,694
668,700
666,694
666,700
670,744
670,746
670,754
671,673
671,745
671,748
671,756
674,694
677,704
674,700
675,695
677,678
677,679
677,680
677,681
677,682
678,679
678,680
677,684
677,686
678,681
677,687
678,682
677,703
679,680
679,681
679,682
680,681
680,682
681,682
684,704
685,688
686,687
686,689
686,690
684,686
684,687
687,689
687,690
686,697
686,698
687,697
686,699
687,698
689,690
687,699
689,692
687,703
689,693
686,703
684,703
687,704
686,704
689,697
689,698
689,699
690,692
690,693
690,697
690,698
690,699
692,693
692,697
692,698
692,699
694,700
673,745
673,748
693,697
693,698
693,699
697,698
697,699
698,699
703,704
708,710
708,713
708,715
708,717
708,719
708,723
707,709
707,714
710,713
707,716
710,715
707,718
710,717
710,719
708,735
708,737
710,723
708,739
708,741
710,735
710,737
710,739
707,742
710,741
709,714
709,716
709,718
709,742
712,714
712,716
712,718
713,715
713,717
712,720
713,719
712,722
712,724
712,726
713,723
713,735
713,737
713,739
713,741
712,734
712,736
712,738
712,740
715,717
715,719
715,723
714,716
714,718
715,735
715,737
715,739
715,741
714,734
714,736
714,738
714,740
714,742
717,719
717,723
717,735
717,737
717,739
717,741
718,720
718,734
718,736
718,738
718,740
718,742
719,723
719,735
719,737
719,739
719,741
720,722
720,724
720,726
720,728
720,734
720,736
720,738
720,740
716,718
716,734
716,736
716,738
716,740
716,742
721,723
721,725
721,727
721,729
723,725
723,727
723,735
723,737
723,739
723,741
724,726
724,728
724,730
724,736
724,738
724,740
725,727
725,729
726,728
726,730
726,736
726,738
726,740
722,724
722,726
722,728
722,736
722,738
722,740
727,729
728,730
728,738
731,733
730,732
735,737
735,739
735,741
734,736
734,738
734,740
737,739
737,741
736,738
736,740
739,741
738,740
744,746
745,748
744,754
745,756
747,750
747,752
746,754
747,755
748,756
750,752
750,755
752,755
751,753
759,760
759,761
766,768
760,761
767,768
766,809
768,773
769,770
766,767
771,772
767,809
768,809
773,793
773,809
778,793
783,784
783,798
784,798
788,1058
787,1058
788,789
787,1059
788,790
787,1734
787,1736
787,788
787,789
787,790
790,1058
789,1058
789,1059
789,1734
789,1736
789,790
791,792
793,809
797,800
799,801
799,802
801,802
812,815
812,816
815,817
816,817
819,854
819,855
819,856
813,814
819,857
813,818
814,818
822,823
829,832
831,832
829,831
841,842
841,843
841,844
843,844
842,843
842,844
846,848
846,850
848,850
849,851
852,853
847,849
847,851
854,855
854,856
854,857
854,858
854,862
854,863
854,864
854,865
854,880
856,857
856,860
856,862
856,863
856,864
856,865
857,861
856,880
857,862
857,863
857,864
857,865
857,880
858,859
858,860
858,861
858,862
858,863
858,864
858,865
859,860
859,861
859,862
859,863
859,864
859,865
860,861
860,862
860,863
860,864
860,865
861,862
861,863
861,864
861,865
862,863
862,864
862,865
862,880
855,856
863,864
864,865
863,865
855,857
864,880
863,880
855,859
855,862
855,863
855,864
855,865
865,880
855,880
870,872
870,873
870,874
872,873
872,874
873,874
871,875
871,877
875,877
878,879
880,881
883,884
881,885
889,896
890,897
888,889
888,890
890,891
890,892
888,891
888,892
888,893
888,895
890,893
893,900
895,896
895,897
889,890
889,891
889,892
889,893
892,899
895,898
894,901
895,899
895,900
896,897
896,898
892,893
896,899
896,900
897,898
897,899
897,900
891,898
898,899
898,900
891,892
891,893
899,900
904,905
919,929
921,930
921,931
920,933
919,933
919,920
922,930
922,931
923,932
925,928
926,928
925,926
924,927
921,922
929,933
930,931
936,937
936,938
935,1480
935,1390
935,1454
937,938
935,943
935,1362
935,1620
935,1110
935,1334
935,1562
935,1499
943,1480
943,1390
943,1454
943,1362
943,1620
943,1110
943,1334
943,1562
943,1499
944,1038
944,1111
944,991
906,907
948,955
957,960
957,961
957,1300
957,1301
957,1302
957,1303
957,1304
957,1305
957,1003
957,1004
957,1005
957,1006
957,1007
957,958
957,959
958,960
958,961
958,1300
958,1301
958,1302
958,1303
958,1304
958,1305
958,1003
958,1004
958,1005
956,960
956,961
958,1006
958,1007
956,1300
956,1301
956,1302
956,1303
956,1304
958,959
959,960
956,1305
959,961
959,1300
959,1301
959,1302
959,1303
959,1304
959,1305
959,1003
956,1003
959,1004
956,1004
959,1005
956,1005
959,1006
956,1006
959,1007
956,1007
956,957
961,1301
961,1304
961,1305
956,958
956,959
960,961
960,1300
960,1301
960,1302
960,1303
960,1304
960,1305
961,1008
960,1003
960,1004
960,1005
960,1006
960,1007
960,1008
962,1306
964,1308
965,1309
964,1011
963,1307
965,1012
962,1009
963,1010
967,1013
967,1310
968,1311
970,971
968,1014
974,1314
974,1017
975,1315
972,1313
972,1016
975,1018
980,1283
979,1280
981,1284
982,1281
983,1286
982,1282
982,1285
984,985
984,986
985,986
985,987
986,987
992,1288
991,1038
991,1111
993,1288
993,1289
993,1290
993,1294
993,1295
993,994
993,995
993,996
993,997
993,998
993,999
993,1000
993,1001
992,993
995,1288
992,994
995,1289
992,995
995,1290
992,996
992,997
992,998
992,999
995,1294
992,1000
995,1295
992,1001
996,1288
996,1289
996,1290
996,1294
996,1295
995,996
995,997
995,998
997,1288
995,999
997,1289
995,1000
997,1290
995,1001
997,1294
997,1295
996,997
996,998
996,999
996,1000
996,1001
998,1288
998,1289
998,1290
998,1294
998,1295
997,998
997,999
997,1000
997,1001
999,1288
999,1289
999,1290
999,1294
999,1295
998,999
998,1000
998,1001
1000,1288
1000,1289
1000,1290
999,1000
1000,1294
999,1001
1000,1295
1002,1105
1001,1288
1001,1290
1002,1151
1000,1001
1003,1300
1003,1301
1003,1302
1003,1303
1003,1304
1003,1004
1003,1005
1003,1006
1003,1007
1003,1008
1004,1300
1004,1301
1004,1302
1004,1303
1004,1304
1004,1005
1004,1006
1004,1007
1004,1008
994,1288
994,1289
1005,1300
994,1290
1005,1301
1005,1302
1005,1303
1005,1304
1005,1006
994,1294
1005,1007
994,1295
1005,1008
994,995
994,996
994,997
994,998
1007,1300
1006,1300
1007,1301
1006,1301
1007,1302
1007,1303
994,999
1006,1302
1007,1304
994,1000
1006,1303
994,1001
1006,1304
1006,1007
1006,1008
1007,1008
1008,1305
1009,1306
1011,1308
1012,1309
1013,1310
1014,1311
1015,1312
1017,1314
1016,1313
1018,1315
1010,1307
1019,1020
1019,1021
1020,1318
1020,1021
1021,1319
1023,1180
1023,1117
1023,1062
1023,1321
1024,1063
1024,1323
1022,1320
1026,1065
1025,1064
1025,1324
1025,1712
1029,1068
1029,1325
1027,1066
1030,1033
1030,1120
1030,1121
1029,1119
1030,1069
1030,1326
1030,1072
1030,1329
1031,1070
1031,1327
1033,1120
1032,1071
1032,1328
1033,1121
1033,1069
1033,1326
1033,1072
1028,1067
1033,1329
1034,1073
1034,1330
1035,1074
1035,1331
1037,1076
1037,1333
1039,1113
1038,1111
1036,1075
1036,1332
1040,1041
1040,1044
1040,1114
1041,1044
1041,1114
1042,1043
1042,1044
1043,1044
1046,1047
1046,1048
1047,1048
1050,1051
1050,1052
1050,1053
1050,1054
1051,1052
1051,1053
1051,1054
1049,1050
1049,1051
1052,1053
1049,1052
1052,1054
1049,1053
1049,1054
1053,1054
1058,1059
1062,1180
1062,1117
1062,1321
1064,1324
1064,1712
1063,1323
1063,1118
1068,1325
1069,1326
1069,1072
1069,1329
1069,1120
1069,1121
1068,1119
1071,1328
1070,1327
1073,1330
1074,1331
1072,1120
1072,1121
1072,1326
1072,1329
1075,1332
1080,1128
1076,1333
1082,1083
1082,1084
1082,1091
1083,1084
1083,1085
1084,1091
1083,1091
1085,1086
1085,1087
1085,1088
1085,1089
1085,1090
1085,1091
1086,1087
1086,1088
1086,1089
1086,1090
1086,1091
1088,1089
1088,1090
1088,1091
1087,1088
1087,1089
1087,1090
1087,1091
1090,1091
1092,1148
1089,1090
1089,1091
1093,1149
1104,1150
1105,1151
1108,1185
1110,1480
1110,1390
1110,1454
1110,1362
1110,1620
1110,1334
1110,1562
1110,1499
1117,1180
1117,1321
1120,1326
1120,1329
1120,1121
1119,1325
1121,1326
1123,1126
1121,1329
1129,1130
1124,1125
1138,1139
1140,1141
1140,1142
1140,1143
1140,1144
1140,1145
1140,1146
1140,1147
1141,1142
1141,1143
1141,1144
1141,1145
1141,1146
1141,1147
1142,1143
1142,1144
1142,1145
1142,1146
1142,1147
1144,1145
1144,1146
1143,1144
1144,1147
1143,1145
1143,1146
1143,1147
1145,1146
1145,1147
1146,1147
1153,1154
1153,1155
1154,1155
1159,1160
1159,1161
1159,1162
1159,1163
1160,1161
1160,1162
1160,1163
1161,1162
1161,1163
1162,1163
1168,1169
1168,1170
1169,1170
1168,1171
1169,1171
1168,1172
1169,1172
1169,1173
1168,1173
1170,1171
1170,1172
1170,1173
1172,1173
1171,1172
1171,1173
1180,1321
1183,1184
1182,1183
1182,1184
1189,1190
1190,1191
1190,1193
1189,1210
1192,1193
1193,1194
1196,1197
1199,1201
1201,1202
1201,1203
1202,1203
1202,1204
1203,1204
1205,1206
1207,1208
1207,1209
1208,1209
1214,1215
1217,1218
1223,1229
1223,1231
1223,1233
1223,1235
1223,1299
1223,1237
1223,1239
1223,1252
1223,1254
1223,1260
1223,1262
1227,1228
1229,1231
1229,1233
1229,1235
1229,1299
1229,1237
1229,1239
1229,1252
1229,1254
1229,1260
1229,1262
1231,1233
1231,1235
1231,1299
1230,1238
1231,1237
1231,1239
1228,1230
1231,1252
1231,1254
1228,1238
1231,1260
1231,1262
1233,1235
1233,1299
1233,1237
1233,1239
1233,1252
1233,1254
1233,1260
1233,1262
1234,1236
1234,1238
1235,1299
1235,1237
1235,1239
1235,1252
1235,1254
1235,1260
1235,1262
1232,1234
1232,1236
1232,1238
1237,1299
1237,1239
1237,1252
1237,1254
1237,1260
1237,1262
1238,1259
1238,1240
1239,1299
1239,1252
1239,1254
1239,1260
1239,1262
1236,1238
1242,1243
1247,1248
1247,1249
1248,1249
1250,1251
1251,1298
1252,1299
1252,1254
1252,1260
1252,1262
1253,1298
1254,1299
1254,1260
1254,1262
1260,1299
1262,1299
1260,1262
1263,1264
1267,1268
1267,1269
1267,1270
1267,1271
1267,1272
1267,1273
1267,1274
1267,1275
1267,1276
1269,1270
1269,1271
1269,1272
1269,1273
1269,1274
1269,1275
1269,1276
1270,1271
1270,1272
1270,1273
1270,1274
1270,1275
1270,1276
1268,1269
1268,1270
1268,1271
1268,1272
1268,1273
1268,1274
1268,1275
1268,1276
1272,1273
1271,1272
1272,1274
1271,1273
1272,1275
1272,1276
1271,1274
1271,1275
1271,1276
1274,1275
1273,1274
1274,1276
1273,1275
1273,1276
1275,1276
1281,1282
1281,1285
1282,1285
1289,1290
1289,1292
1289,1293
1289,1294
1289,1295
1289,1296
1290,1292
1289,1297
1290,1293
1290,1294
1290,1295
1290,1296
1290,1297
1292,1293
1292,1294
1292,1295
1292,1296
1292,1297
1293,1294
1293,1295
1293,1296
1293,1297
1294,1295
1294,1296
1294,1297
1291,1292
1291,1293
1295,1296
1295,1297
1291,1296
1291,1297
1296,1297
1300,1301
1300,1302
1300,1303
1300,1304
1300,1305
1301,1302
1301,1303
1301,1304
1301,1305
1303,1304
1303,1305
1302,1303
1302,1304
1302,1305
1304,1305
1318,1319
1324,1712
1326,1329
1334,1480
1334,1390
1334,1454
1334,1362
1334,1620
1334,1562
1334,1499
1343,1344
1343,1345
1344,1345
1343,1347
1343,1348
1344,1347
1343,1349
1344,1348
1344,1349
1347,1348
1347,1349
1348,1349
1356,1498
1345,1347
1345,1348
1345,1349
1362,1480
1362,1390
1362,1454
1362,1620
1362,1562
1362,1499
1363,1364
1369,1370
1373,1377
1374,1375
1390,1480
1390,1454
1390,1620
1390,1562
1390,1499
1391,1392
1391,1397
1392,1397
1393,1394
1393,1399
1394,1399
1412,1413
1412,1414
1413,1414
1415,1416
1415,1417
1418,1419
1418,1420
1419,1420
1422,1423
1423,1424
1425,1427
1428,1429
1428,1430
1429,1430
1432,1433
1416,1417
1442,1443
1438,1738
1454,1480
1446,1447
1454,1620
1454,1562
1454,1499
1456,1464
1459,1460
1459,1461
1460,1467
1462,1465
1463,1467
1466,1505
1466,1590
1465,1467
1469,1470
1470,1471
1479,1509
1478,1687
1479,1519
1479,1491
1478,1597
1480,1620
1478,1611
1480,1562
1480,1499
1478,1490
1478,1508
1478,1518
1486,1487
1490,1687
1490,1597
1490,1611
1491,1509
1491,1519
1492,1612
1490,1508
1490,1518
1499,1620
1499,1562
1505,1590
1501,1507
1508,1687
1509,1519
1508,1597
1508,1611
1508,1518
1518,1687
1520,1521
1518,1597
1520,1524
1518,1611
1520,1526
1520,1527
1520,1530
1520,1532
1522,1527
1521,1524
1521,1526
1521,1527
1521,1530
1521,1532
1524,1526
1524,1527
1524,1530
1524,1532
1525,1528
1525,1531
1526,1527
1526,1530
1527,1530
1526,1532
1527,1532
1523,1525
1523,1531
1528,1531
1530,1532
1535,1536
1541,1542
1538,1539
1555,1556
1555,1557
1557,1558
1557,1559
1556,1557
1559,1560
1562,1620
1565,1567
1578,1579
1580,1581
1580,1595
1587,1588
1591,1592
1597,1687
1597,1598
1597,1611
1602,1603
1602,1604
1603,1604
1604,1606
1604,1607
1604,1608
1606,1607
1606,1608
1607,1608
1611,1687
1623,1624
1626,1627
1627,1628
1642,1643
1647,1648
1654,1681
1653,1654
1656,1657
1656,1659
1657,1659
1658,1660
1661,1664
1661,1662
1663,1664
1661,1663
1662,1663
1665,1669
1665,1670
1666,1667
1666,1668
1668,1669
1669,1670
1674,1675
1674,1676
1674,1677
1674,1678
1676,1677
1679,1680
1675,1676
1675,1677
1675,1678
1690,1691
1693,1695
1692,1694
1695,1697
1695,1699
1697,1699
1697,1701
1695,1701
1699,1701
1697,1703
1695,1703
1699,1703
1696,1698
1701,1703
1700,1702
1707,1708
1707,1709
1708,1709
1706,1707
1706,1708
1706,1709
1720,1721
1727,1728
1731,1732
1730,1731
1730,1732
1734,1736
1733,1735
1742,1743
1754,1756
1755,1757
1758,1804
1759,1804
1758,1759
1753,1804
1753,1806
1753,1808
1753,1810
1753,1812
1753,1814
1778,1779
1783,1785
1784,1785
1794,1795
1796,1797
1799,1801
1804,1806
1804,1808
1804,1810
1804,1812
1805,1807
1805,1809
1804,1814
1805,1811
1805,1813
1804,1818
1804,1829
1806,1808
1806,1810
1806,1812
1806,1814
1806,1818
1806,1829
1808,1810
1808,1812
1808,1814
1809,1811
1808,1818
1809,1813
1808,1829
1807,1809
1807,1811
1807,1813
1811,1813
1810,1812
1810,1814
1810,1818
1810,1829
1814,1818
1814,1829
1812,1814
1812,1818
1817,1828
1817,1819
1812,1829
1818,1829
1820,1822
1820,1823
1820,1826
1820,1831
1820,1833
1820,1834
1821,1824
1821,1832
1819,1830
1822,1823
1822,1825
1822,1826
1822,1831
1822,1833
1822,1834
1824,1835
1823,1826
1823,1831
1823,1833
1823,1834
1826,1836
1826,1837
1825,1826
1825,1836
1825,1837
1828,1830
1827,1838
1832,1835
1833,1834
1833,1836
1831,1833
1833,1837
1831,1834
1831,1837
1834,1837
1836,1837
