2,3
3,4
2,4
3,5
2,5
3,6
2,6
4,5
4,6
3,797
4,798
2,796
5,6
1,795
5,799
9,10
9,11
9,13
9,14
6,800
11,12
11,14
11,15
10,11
11,16
10,12
10,13
10,14
10,15
13,14
12,15
12,16
13,15
14,15
14,16
17,228
17,229
17,110
17,239
17,274
17,54
8,806
17,246
17,87
17,24
17,249
17,126
18,27
15,16
22,23
22,42
21,22
21,23
21,41
24,228
24,229
19,70
24,110
19,28
24,239
28,40
24,274
24,54
30,49
24,246
24,87
30,31
24,249
24,126
31,40
32,255
34,257
33,256
36,38
41,42
42,43
41,43
42,46
41,46
43,46
44,740
44,794
44,380
50,51
47,48
53,111
54,228
54,229
54,110
54,239
54,274
54,246
54,87
54,249
54,126
71,80
71,72
71,76
72,80
72,76
73,143
76,80
74,79
74,83
78,81
78,82
79,83
81,82
73,181
73,182
73,74
73,79
73,83
77,78
77,81
77,82
87,228
87,229
87,110
87,239
87,274
87,246
87,249
87,126
91,103
91,104
91,106
91,94
94,103
94,104
94,106
100,101
100,102
85,125
103,104
101,102
103,106
104,106
109,801
110,228
110,229
110,239
110,274
110,246
110,249
110,126
113,123
118,673
118,427
126,274
127,128
126,228
126,229
128,129
126,246
126,249
127,129
126,239
138,140
138,143
138,144
138,145
138,146
138,147
138,150
138,151
138,152
138,153
138,154
138,157
140,143
140,144
138,158
140,145
138,159
140,146
138,160
140,147
138,161
140,150
140,151
138,162
140,152
140,153
138,163
140,154
138,164
138,165
140,157
138,166
140,158
138,167
140,159
138,178
136,138
140,160
138,179
140,161
136,140
138,180
138,181
138,182
138,183
143,144
138,184
140,162
136,143
143,145
136,144
140,163
143,146
136,145
140,164
143,147
136,146
140,165
136,147
143,150
136,150
140,166
143,151
136,151
140,167
143,152
136,152
140,178
143,153
136,153
140,179
143,154
136,154
136,157
143,157
140,180
140,181
140,182
140,183
140,184
136,158
143,158
143,159
144,145
143,160
144,146
143,161
144,147
143,162
143,163
143,164
144,150
136,159
143,165
144,151
136,160
143,166
146,147
136,161
147,150
143,167
146,150
147,151
146,151
143,178
136,162
147,152
146,152
143,179
136,163
147,153
146,153
136,164
146,154
147,154
136,165
144,152
136,166
146,157
147,157
144,153
136,167
146,158
147,158
144,154
146,159
136,178
147,159
146,160
136,179
147,160
146,161
147,161
136,180
136,181
136,182
136,183
136,184
146,162
144,157
143,180
143,181
143,182
146,163
144,158
147,162
143,183
143,184
146,164
144,159
147,163
146,165
144,160
147,164
146,166
144,161
147,165
146,167
147,166
144,162
146,178
147,167
144,163
146,179
147,178
144,164
146,180
146,181
146,182
144,165
147,179
146,183
146,184
144,166
147,180
147,181
147,182
144,167
148,192
147,183
147,184
148,194
148,195
148,196
144,174
148,197
148,198
148,199
144,175
144,178
148,200
148,201
144,179
148,202
144,180
144,181
144,182
144,183
148,203
144,184
144,224
148,205
145,146
148,212
145,147
148,149
148,213
145,150
148,214
148,215
145,151
148,216
148,217
145,152
145,153
145,154
148,220
148,226
148,169
150,151
151,152
150,152
151,153
148,187
150,153
151,154
148,188
150,154
151,157
150,157
151,158
150,158
151,159
150,159
151,160
150,160
151,161
150,161
152,153
151,162
150,162
152,154
151,163
150,163
151,164
150,164
152,157
151,165
150,165
151,166
152,158
150,166
151,167
152,159
150,167
151,178
152,160
150,178
151,179
152,161
150,179
151,180
150,180
151,181
150,181
151,182
150,182
152,162
151,183
150,183
151,184
150,184
152,163
152,164
153,154
148,190
152,165
152,166
153,157
152,167
153,158
152,178
153,159
152,179
153,160
152,180
152,181
152,182
153,161
152,183
152,184
154,157
148,191
155,160
154,158
155,161
154,159
155,162
154,160
155,163
154,161
154,162
154,163
154,164
154,165
154,166
154,167
155,156
155,157
154,178
154,179
154,180
154,181
154,182
154,183
154,184
145,157
145,158
145,159
149,204
145,160
149,206
149,207
149,209
157,158
149,222
157,159
149,223
149,224
157,160
149,225
157,161
149,227
157,162
157,163
157,164
157,165
157,166
157,167
157,178
157,179
157,180
157,181
157,182
157,183
157,184
153,162
153,163
158,159
153,164
158,160
153,165
158,161
153,166
153,167
158,162
153,178
158,163
153,179
158,164
153,180
153,181
158,165
153,182
153,183
153,184
158,166
158,167
158,178
159,160
158,179
159,161
158,180
158,181
158,182
159,162
158,183
158,184
159,163
159,164
159,165
159,166
159,167
159,178
145,161
159,179
145,162
159,180
159,181
159,182
159,183
145,163
159,184
145,164
145,165
145,166
145,167
145,178
145,179
149,169
145,180
145,181
145,182
145,183
145,184
161,162
149,170
161,163
149,171
161,164
149,172
161,165
162,163
160,161
162,164
162,165
160,162
160,163
160,164
162,166
162,167
162,178
149,173
162,179
149,174
162,180
149,175
162,181
162,182
162,183
162,184
149,176
149,177
164,165
164,166
164,167
149,189
164,178
164,179
164,180
164,181
164,182
164,183
164,184
166,167
166,178
166,179
166,180
166,181
161,166
166,182
166,183
166,184
161,167
161,178
161,179
161,180
161,181
160,165
160,166
160,167
161,182
161,183
161,184
167,178
167,179
160,178
167,180
167,181
160,179
165,166
167,182
167,183
167,184
165,167
165,178
160,180
160,181
165,179
160,182
160,183
160,184
165,180
165,181
165,182
165,183
165,184
163,164
163,165
170,171
169,192
163,166
169,194
170,172
169,195
169,196
163,167
169,197
170,173
169,198
169,199
170,174
163,178
170,175
169,200
171,172
169,201
170,176
171,173
169,202
170,177
171,174
170,185
170,187
169,203
170,188
171,175
170,189
171,176
169,205
171,177
170,190
169,212
169,213
171,185
169,214
171,187
171,188
169,215
170,191
170,192
169,216
169,217
163,179
170,194
170,195
170,196
170,197
170,198
170,199
163,180
163,181
170,200
170,201
170,202
171,189
169,220
169,226
171,190
169,187
169,188
169,190
169,191
163,182
171,191
171,192
171,194
171,195
163,183
171,196
163,184
173,174
171,197
171,198
171,199
173,175
171,200
173,176
171,201
170,203
171,202
171,203
170,204
170,205
170,206
170,207
171,204
171,205
171,206
171,207
173,177
171,209
173,185
173,187
173,188
173,189
171,212
171,213
173,190
171,214
171,215
171,216
171,217
171,220
171,222
171,223
171,224
171,225
174,175
171,226
171,227
172,173
174,176
172,174
174,177
172,175
174,183
174,185
174,187
174,188
172,176
174,189
172,177
174,190
172,185
174,191
174,192
174,194
174,195
174,196
174,197
174,198
174,199
172,187
172,188
174,200
174,201
172,189
174,202
174,203
172,190
174,204
174,205
174,206
174,207
172,191
172,192
172,194
172,195
172,196
172,197
172,198
172,199
172,200
174,209
172,201
172,202
172,203
172,204
172,205
172,206
172,207
174,212
174,213
172,209
174,214
174,215
174,216
174,217
174,220
174,222
174,223
174,224
174,225
174,226
174,227
170,209
170,212
170,213
173,191
170,214
173,192
173,194
170,215
173,195
170,216
173,196
173,197
173,198
173,199
170,217
170,220
173,200
170,222
173,201
173,202
170,223
173,203
170,224
170,225
173,204
173,205
173,206
173,207
175,176
172,212
172,213
175,177
175,183
175,185
172,214
175,187
175,188
173,209
173,212
173,213
173,214
173,215
173,216
173,217
173,220
173,222
173,223
173,224
173,225
173,226
173,227
175,189
170,226
170,227
172,215
172,216
172,217
172,220
172,222
172,223
172,224
172,225
172,226
172,227
175,190
175,191
175,192
175,194
175,195
175,196
175,197
175,198
175,199
178,179
179,180
179,181
178,180
179,182
178,181
175,200
179,183
178,182
179,184
177,185
178,183
177,187
177,188
175,201
175,202
175,203
177,189
175,204
175,205
178,184
175,206
175,207
177,190
175,209
177,191
177,192
177,194
177,195
177,196
177,197
181,182
181,183
181,184
177,198
177,199
177,200
177,201
177,202
177,203
177,204
177,205
177,206
177,207
182,183
182,184
177,209
177,212
177,213
177,214
177,215
177,216
177,217
176,177
176,185
176,187
176,188
176,189
176,190
176,191
176,192
176,194
176,195
176,196
176,197
176,198
176,199
175,212
176,200
176,201
175,213
176,202
176,203
176,204
175,214
176,205
176,206
176,207
176,209
176,212
176,213
176,214
180,181
180,182
180,183
180,184
175,215
175,216
175,217
186,192
175,220
186,194
186,195
185,189
186,196
175,222
186,197
186,198
175,223
186,199
186,200
175,224
186,201
186,202
186,203
175,225
186,205
175,226
175,227
185,204
185,206
186,212
185,207
186,213
186,214
185,209
186,215
186,216
186,217
186,220
186,226
186,187
186,188
186,190
186,191
187,188
188,189
188,190
187,189
188,191
187,190
187,191
187,192
187,193
188,192
188,193
188,194
188,195
188,196
187,194
188,197
187,195
188,198
187,196
188,199
187,197
187,198
187,199
188,200
188,201
187,200
187,201
188,202
187,202
187,203
188,203
188,204
188,205
188,206
187,204
188,207
188,208
187,205
188,209
187,206
188,210
187,207
188,212
188,213
185,222
177,220
188,214
185,223
188,215
185,224
177,222
188,216
188,217
185,225
187,208
188,220
188,221
185,227
188,222
187,209
188,223
187,210
188,224
187,212
188,225
187,213
188,226
187,214
187,215
177,223
187,216
177,224
187,217
187,220
187,221
177,225
187,222
187,223
187,224
188,227
187,225
187,226
187,227
189,190
177,226
189,191
189,192
177,227
189,194
189,195
189,196
189,197
189,198
189,199
189,200
189,201
189,202
189,203
191,192
191,193
191,194
191,195
191,196
191,197
189,204
191,198
189,205
191,199
189,206
189,207
189,209
191,200
176,215
191,201
176,216
176,217
176,220
191,202
176,222
191,203
191,204
176,223
176,224
176,225
189,212
189,213
189,214
189,215
189,216
189,217
189,220
189,222
189,223
189,224
189,225
189,226
189,227
183,184
183,224
191,205
176,226
176,227
190,191
190,192
190,193
190,194
190,195
190,196
190,197
190,198
190,199
190,200
190,201
190,202
190,203
190,204
190,205
190,206
190,207
190,208
190,209
190,210
190,212
190,213
190,214
190,215
190,216
190,217
190,220
190,221
190,222
190,223
190,224
191,206
194,195
191,207
194,196
191,208
194,197
194,198
194,199
190,225
190,226
190,227
194,200
194,201
194,202
194,203
194,204
194,205
194,206
194,207
195,196
194,208
195,197
195,198
195,199
194,209
194,210
194,212
194,213
194,214
191,209
194,215
191,210
194,216
193,194
191,212
193,195
194,217
191,213
193,196
194,220
193,197
191,214
194,221
191,215
194,222
191,216
194,223
193,198
191,217
194,224
191,220
194,225
191,221
193,199
191,222
194,226
193,200
191,223
193,201
194,227
191,224
191,225
191,226
191,227
196,197
196,198
196,199
193,202
196,200
193,203
196,201
193,204
193,205
196,202
193,208
197,198
197,199
196,203
196,204
197,200
197,201
196,205
196,206
196,207
197,202
196,208
197,203
193,210
197,204
193,212
193,213
193,214
197,205
193,215
197,206
193,216
197,207
198,199
197,208
193,217
193,220
193,221
198,200
197,209
198,201
197,210
197,212
197,213
198,202
197,214
197,215
193,226
197,216
198,203
197,217
198,204
197,220
197,221
197,222
198,205
198,206
197,223
198,207
197,224
198,208
197,225
197,226
197,227
198,209
192,193
198,210
192,194
198,212
192,195
198,213
192,196
192,197
198,214
192,198
198,215
192,199
198,216
198,217
198,220
192,200
192,201
198,221
198,222
192,202
198,223
200,201
198,224
198,225
200,202
198,226
192,203
192,204
195,200
200,203
195,201
200,204
192,205
192,206
192,207
195,202
192,208
200,205
200,206
200,207
200,208
198,227
192,209
192,210
192,212
200,209
192,213
200,210
192,214
192,215
192,216
192,217
192,220
195,203
195,204
195,205
195,206
195,207
195,208
199,200
199,201
195,209
192,221
195,210
192,222
195,212
199,202
192,223
195,213
192,224
195,214
192,225
199,203
195,215
192,226
195,216
192,227
195,217
195,220
195,221
195,222
195,223
195,224
195,225
199,204
195,226
195,227
202,203
202,204
202,205
202,206
202,207
203,204
202,208
203,205
202,209
203,206
202,210
203,207
202,212
203,208
202,213
202,214
202,215
203,209
202,216
203,210
202,217
203,212
202,220
203,213
202,221
203,214
202,222
203,215
202,223
203,216
202,224
202,225
203,217
202,226
203,220
202,227
203,221
203,222
203,223
203,224
203,225
203,226
203,227
201,202
201,203
201,204
201,205
201,206
201,207
201,208
201,209
201,210
201,212
205,206
201,213
205,207
201,214
205,208
201,215
201,216
201,217
205,209
201,220
205,210
201,221
205,212
201,222
205,213
201,223
205,214
201,224
205,215
205,216
201,225
205,217
205,220
205,221
205,222
205,223
205,224
205,225
205,226
205,227
204,205
204,206
204,207
204,209
204,212
204,213
204,214
199,205
204,215
199,206
204,216
199,207
204,217
199,208
204,220
199,209
199,210
199,212
199,213
199,214
196,209
199,215
196,210
199,216
196,212
199,217
196,213
199,220
196,214
199,221
196,215
199,222
196,216
199,223
199,224
196,217
199,225
196,220
199,226
196,221
199,227
196,222
196,223
196,224
196,225
196,226
196,227
208,210
207,209
208,212
200,212
208,213
200,213
208,214
200,214
208,215
200,215
208,216
200,216
208,217
207,212
200,217
208,220
200,220
208,221
207,213
200,221
200,222
200,223
207,214
200,224
208,226
207,215
207,216
200,225
207,217
200,226
200,227
207,220
207,222
207,223
207,224
207,225
207,226
207,227
206,207
206,209
206,212
206,213
209,212
206,214
210,212
209,213
210,213
206,215
206,216
206,217
210,214
206,220
209,214
210,215
210,216
206,222
210,217
209,215
209,216
206,223
210,220
209,217
210,221
206,224
206,225
206,226
206,227
210,226
209,220
209,222
209,223
209,224
209,225
209,226
209,227
213,214
213,215
214,215
213,216
214,216
213,217
214,217
213,220
214,220
213,221
214,221
213,222
214,222
213,223
214,223
213,224
214,224
213,225
214,225
213,226
213,227
201,226
201,227
204,222
204,223
204,224
204,225
204,226
204,227
216,217
216,220
216,221
216,222
216,223
216,224
216,225
216,226
216,227
214,226
214,227
212,213
212,214
212,215
212,216
212,217
212,220
212,221
212,222
212,223
212,224
212,225
212,226
212,227
217,220
217,221
217,222
217,223
217,224
217,225
217,226
217,227
220,221
220,222
220,223
220,224
220,225
220,226
220,227
223,224
223,225
223,226
223,227
221,226
222,223
222,224
222,225
222,226
222,227
228,274
228,229
228,246
228,249
228,239
215,216
215,217
215,220
215,221
215,222
229,239
229,274
215,223
215,224
229,246
229,249
230,240
226,227
231,236
225,226
225,227
231,241
224,225
215,225
224,226
215,226
224,227
215,227
236,241
236,243
236,244
237,242
239,274
239,246
231,243
231,244
243,244
246,274
246,249
249,274
239,249
241,243
241,244
250,251
276,277
287,288
279,283
291,292
303,304
304,305
312,331
313,342
313,359
311,358
311,330
311,341
316,334
316,346
314,333
314,343
314,350
316,363
317,335
317,336
317,352
317,353
314,360
318,335
315,360
314,362
315,362
320,338
320,371
314,315
319,321
319,354
318,336
318,352
318,353
318,368
318,369
321,356
321,337
321,339
321,372
324,325
333,343
333,360
330,358
330,341
335,336
335,352
335,353
335,368
335,369
334,346
336,352
336,353
319,337
319,370
319,339
338,371
337,354
317,368
317,369
317,318
341,358
342,359
343,344
337,339
344,350
344,361
344,362
346,363
339,356
347,364
350,360
350,366
336,368
336,369
334,363
343,350
352,353
343,360
352,368
352,369
351,367
349,365
353,368
353,369
354,356
354,370
354,372
357,373
356,370
356,372
361,362
360,361
360,362
361,366
360,366
362,366
365,368
368,369
370,372
374,375
380,740
380,794
381,390
381,499
381,475
386,387
385,386
386,388
385,387
385,388
384,397
387,388
395,397
390,499
390,475
394,395
394,397
406,407
406,409
406,410
407,409
411,416
411,420
407,410
409,410
405,408
414,421
414,422
416,420
421,422
413,421
413,422
425,449
413,414
427,673
428,525
429,430
430,528
426,527
425,478
425,526
431,529
412,421
412,422
412,413
412,414
439,530
440,531
440,457
440,458
439,440
439,457
441,459
439,458
442,443
442,444
442,445
444,445
443,444
443,445
451,480
452,481
451,454
449,478
457,530
449,526
458,531
457,458
462,512
462,516
460,461
462,518
462,520
465,512
462,522
462,463
462,464
462,465
465,516
462,466
462,467
462,469
463,464
463,465
463,466
463,467
463,469
463,471
465,518
465,520
465,522
465,466
465,467
465,469
463,473
466,467
466,469
466,471
466,473
464,465
464,466
464,467
468,507
464,474
467,474
469,470
469,471
471,472
471,473
470,471
470,472
470,473
472,474
470,474
473,474
478,526
469,472
469,473
469,474
475,499
502,503
504,505
504,506
505,506
508,512
508,516
508,518
508,520
508,522
508,509
511,515
512,516
511,517
512,518
511,519
511,521
512,520
512,522
515,517
515,519
515,521
516,518
516,520
516,522
517,519
517,521
518,520
518,522
519,521
520,522
530,531
533,535
533,536
533,537
535,545
535,536
535,537
535,538
535,539
535,540
535,541
535,542
536,545
536,537
536,538
536,539
536,540
536,541
536,542
538,545
538,539
538,540
538,541
538,542
537,545
540,545
537,538
537,539
540,541
537,540
540,542
537,541
537,542
541,545
541,542
542,545
547,553
548,554
549,555
546,552
551,557
550,556
539,545
539,540
539,541
539,542
562,584
562,569
562,570
562,573
561,576
561,584
563,564
569,579
569,584
569,590
561,562
569,570
561,569
569,573
561,570
561,573
570,579
570,584
570,590
570,573
573,576
573,579
573,584
573,590
572,574
572,575
572,577
572,585
572,586
572,587
571,572
572,589
574,575
571,574
571,575
571,577
571,578
576,584
574,577
571,585
571,586
577,578
577,585
577,586
571,587
577,587
574,578
571,588
574,585
574,586
577,588
574,587
574,588
574,589
577,589
577,606
580,582
575,577
575,585
582,583
575,586
575,587
575,588
575,589
584,590
578,585
578,586
578,588
586,587
586,588
585,586
586,606
579,584
585,588
588,589
579,590
578,606
585,606
588,606
593,594
589,606
593,597
593,598
592,596
587,588
587,589
587,606
595,599
595,600
595,601
597,598
594,597
594,598
599,600
599,601
600,601
602,603
602,604
602,605
603,604
603,605
607,608
604,605
610,775
611,776
615,777
615,627
615,629
615,630
616,617
616,778
616,779
616,721
616,722
616,731
616,732
617,778
618,780
617,779
617,721
617,722
618,723
617,731
617,732
618,733
619,620
619,781
619,734
619,735
620,782
620,734
620,735
621,622
621,783
621,784
614,730
623,785
622,783
622,784
624,786
624,787
623,625
624,625
626,788
627,790
627,791
627,792
627,629
627,630
627,631
625,786
625,787
629,790
629,791
630,790
629,792
630,791
630,792
630,631
629,630
629,631
631,793
628,789
632,642
634,644
633,643
634,645
634,635
635,644
635,645
644,645
646,662
646,647
647,662
646,663
647,663
646,648
647,648
646,664
648,662
647,664
648,663
648,664
649,665
650,651
650,652
650,653
651,652
651,653
652,653
655,656
655,657
662,663
663,664
656,657
662,664
669,670
676,677
680,681
684,685
696,698
695,697
704,705
704,706
708,710
711,712
711,713
713,714
721,778
721,779
722,778
722,779
721,722
721,731
722,731
722,732
721,732
723,780
723,733
725,781
725,782
726,736
726,737
724,781
724,782
726,727
724,725
727,736
727,737
728,738
732,778
732,779
729,739
733,780
731,778
731,779
731,732
734,781
734,735
736,737
740,794
741,742
741,743
741,744
741,745
741,746
741,747
741,754
742,743
742,744
742,745
742,746
742,747
742,750
743,744
744,745
743,745
744,746
743,746
744,747
743,747
744,756
743,755
744,757
744,758
746,747
744,759
746,756
746,757
746,758
746,759
748,751
749,752
747,756
747,757
747,758
747,759
750,754
750,755
750,756
750,757
750,758
750,759
754,755
754,756
754,757
754,758
754,759
755,756
755,757
755,758
745,746
745,747
755,759
756,757
756,758
756,759
745,756
745,757
745,758
745,759
758,759
757,758
757,759
760,761
766,768
766,769
766,770
766,771
766,772
766,773
766,767
767,768
767,769
767,770
767,771
767,772
767,773
768,769
768,770
768,771
768,772
768,773
769,770
769,771
769,772
769,773
770,771
770,772
770,773
771,772
771,773
772,773
778,779
777,790
777,791
777,792
781,782
783,784
786,787
785,787
791,792
791,793
790,791
790,792
790,793
797,798
797,799
797,800
798,800
792,793
799,800
798,799
802,803
