2,65
7,6309
9,6311
10,13
13,75
14,15
14,16
14,17
16,17
15,16
15,17
20,6322
25,83
34,1447
38,39
37,1450
33,6336
40,41
40,43
36,1449
40,1453
42,44
42,45
42,46
43,1456
44,45
44,46
41,43
45,46
41,1454
52,1412
61,529
62,5762
61,6001
61,531
61,5075
62,1446
62,5991
61,6003
62,5738
61,1445
61,1461
62,6002
62,530
62,532
61,5990
61,4793
61,4378
62,6004
62,5076
62,1462
62,4794
62,4379
76,77
76,79
88,89
88,90
89,90
77,78
77,79
87,88
87,89
87,90
87,91
87,93
87,94
87,95
94,564
94,95
95,565
96,98
96,99
96,100
96,101
96,102
96,103
96,105
97,567
97,4393
97,6252
93,94
93,95
93,563
99,100
99,101
99,102
99,103
99,104
99,105
98,99
98,100
98,101
98,102
98,103
98,104
98,105
101,102
101,103
101,104
101,105
103,104
103,105
100,101
100,102
100,103
100,104
100,105
106,107
106,108
107,108
102,103
102,104
102,105
109,579
109,4822
109,4407
109,6264
110,4834
110,580
110,581
110,582
110,111
110,6265
111,4834
111,580
111,581
111,582
111,6267
112,3973
112,3974
115,4958
115,4959
118,6339
118,4423
118,4936
112,6397
144,145
144,149
145,146
145,149
145,150
146,150
149,150
158,160
158,162
160,161
160,162
161,162
177,180
203,204
217,5338
219,224
219,4679
219,2736
219,4600
219,4632
219,5502
221,5504
207,208
221,3009
221,4129
221,226
221,2738
221,4681
221,4634
222,4682
222,2739
224,4679
224,2736
224,4600
224,4632
224,5502
224,3007
224,4127
226,5504
226,3009
226,4129
226,2738
226,4681
226,4634
225,3008
225,4601
219,3007
219,4127
220,4680
229,4630
230,1122
230,4144
230,5588
230,4055
230,4631
232,4617
232,4618
229,2744
230,2745
230,5498
230,4606
230,4638
230,5887
233,4113
233,5508
233,3013
233,4149
233,5590
233,4057
229,5587
233,4619
233,4668
229,4054
232,4666
232,4667
232,5563
231,4617
232,5571
231,4618
229,4605
220,4633
231,4666
231,5562
231,4667
231,5570
220,4128
237,4672
237,4623
238,4673
238,5572
220,2737
238,4624
238,5564
239,4674
231,232
239,4625
241,4627
241,4676
242,4628
242,4677
234,5510
234,3015
234,4620
234,4115
234,4151
234,4059
234,4669
220,5503
250,2699
250,4142
251,3330
251,3075
251,5639
251,4616
251,266
251,3338
251,4107
251,5647
251,5648
251,5398
252,258
252,3331
252,2454
252,2978
251,5406
251,5407
251,297
251,4140
251,3377
251,3383
251,3393
251,4704
251,4706
251,2678
251,2687
252,5582
251,2447
252,5850
252,3307
251,2977
251,2466
252,5868
251,5547
252,5874
251,2477
252,4083
251,5561
252,3325
251,3002
251,2492
251,2497
251,2504
251,2507
251,5580
251,2767
251,2515
251,2517
251,2525
251,3039
251,2016
251,2023
251,3047
251,4073
251,2538
251,2030
251,5870
251,5873
251,4082
251,2040
251,5881
251,3327
254,2539
258,3331
258,2454
258,2978
258,5582
258,5850
258,3307
258,5868
258,5874
258,4083
258,3325
260,1117
260,2542
263,264
266,6017
266,3330
266,6018
266,3075
266,4616
266,3338
266,4107
266,2447
266,2977
266,2466
266,297
266,5674
266,5547
266,4140
266,5676
266,2477
266,3377
266,3383
266,5561
266,3002
266,2492
266,2497
266,3393
266,2504
266,2507
266,5580
266,2767
266,2515
266,2517
266,2525
266,3039
266,2016
266,4704
266,4706
266,5606
266,2023
266,3047
266,5607
266,5608
266,4073
266,5609
266,2538
266,2030
266,5870
266,5873
266,4082
266,2678
266,2040
266,5881
266,2687
266,3327
269,1148
272,314
274,275
274,276
274,277
274,318
274,319
270,1149
273,315
276,277
276,318
276,319
277,318
277,319
275,276
283,291
282,290
280,288
283,285
280,281
280,282
282,283
282,284
280,284
282,286
283,287
280,286
285,293
284,292
285,287
284,285
284,286
286,294
286,287
287,295
288,289
288,290
289,291
288,292
290,291
289,293
288,294
290,292
289,295
290,294
275,277
291,293
275,318
275,319
292,293
292,294
294,295
291,295
293,295
281,289
281,283
281,285
281,287
299,3073
299,5890
299,4614
297,3330
297,3075
297,4616
299,4641
299,2723
299,2470
299,5545
299,2480
299,4147
297,3338
297,4107
297,4140
297,3377
297,3383
297,3393
297,4704
297,4706
297,2678
297,2687
297,2447
297,2977
297,2466
297,5547
297,2477
297,5561
297,1209
297,3002
297,2492
297,2497
297,2504
299,5555
318,319
321,3712
321,5250
321,4163
321,324
321,3716
321,3720
321,5256
321,331
321,5259
321,5261
321,334
299,3381
299,5559
299,2488
299,2750
299,2499
299,3399
299,2761
299,3404
299,2765
299,2510
299,4687
299,1106
299,3030
299,1112
299,2520
299,4698
299,1115
299,4702
299,2528
299,1129
299,3050
299,4075
299,1134
299,3069
299,5501
322,3713
324,3712
322,5251
324,5250
322,4164
324,4163
322,325
324,3716
322,3717
322,5257
322,3722
324,3720
322,332
324,5256
324,331
322,5260
324,5259
322,5262
322,335
324,5261
324,334
322,340
322,342
322,4185
322,4836
324,339
324,341
322,4841
322,4847
324,4835
324,4839
322,4222
324,4846
325,3713
325,5251
325,4164
325,3717
325,5257
325,3722
325,332
325,5260
325,5262
325,335
325,340
325,342
325,4185
325,4836
325,4841
325,4847
325,4222
326,5268
327,5269
297,2507
297,5580
297,2767
297,2515
297,2517
331,3712
331,5250
331,4163
297,2525
331,3716
331,3720
297,3039
297,2016
331,5256
331,5259
331,5261
331,334
297,2023
297,3047
331,339
331,341
331,4835
331,4839
332,3713
331,4846
332,5251
332,4164
332,3717
332,5257
332,3722
332,5260
332,5262
332,335
332,340
332,342
332,4185
332,4836
332,4841
332,4847
332,4222
334,3712
334,5250
334,4163
334,3716
334,3720
334,5256
334,5259
334,5261
334,339
335,3713
335,5251
334,341
334,4835
335,4164
335,3717
334,4839
335,5257
335,3722
335,5260
335,5262
334,4846
335,340
335,342
335,4185
335,4836
335,4841
335,4847
335,4222
336,4165
336,3723
336,5263
339,3712
339,5250
339,4163
339,3716
297,4073
339,3720
297,2538
339,5256
339,5259
339,5261
297,2030
297,5870
339,341
298,3384
339,4835
339,4839
339,4846
341,3712
341,5250
341,4163
341,3716
298,2508
341,3720
321,339
341,5256
321,341
298,2516
297,5873
321,4835
298,2526
297,4082
341,5259
297,2040
341,5261
297,5881
297,3327
341,4835
341,4839
340,3713
340,5251
340,4164
340,3717
341,4846
340,5257
340,3722
340,5260
340,5262
342,3713
321,4839
342,5251
342,4164
340,342
340,4185
340,4836
298,4072
340,4841
340,4847
340,4222
342,3717
342,5257
342,3722
342,5260
342,5262
342,4185
342,4836
342,4841
321,4846
345,346
342,4847
342,4222
353,4850
356,4891
361,416
368,417
371,372
373,375
373,376
374,904
375,376
360,415
362,409
394,396
399,400
399,401
404,405
403,405
400,401
407,408
422,452
422,479
423,453
423,459
424,448
424,1024
424,1026
424,462
424,466
424,468
424,473
424,999
424,1001
424,427
424,505
424,507
424,446
427,1024
428,1024
427,1026
428,1026
427,1692
433,1024
433,1026
434,1024
434,1026
427,1693
428,429
427,428
428,433
428,434
428,435
428,436
428,437
427,429
435,1024
435,1026
427,433
427,434
427,435
427,436
427,437
427,446
427,448
433,434
428,446
428,448
433,435
433,436
433,437
428,462
428,466
427,462
427,466
427,468
427,473
433,446
433,448
427,999
428,468
427,1001
428,473
433,462
433,466
434,435
434,436
434,437
433,468
428,999
433,473
428,1001
435,436
435,437
427,505
434,446
435,446
435,448
434,448
435,462
427,507
435,466
427,508
427,509
434,462
435,468
434,466
436,1024
436,1026
434,468
435,473
428,505
433,999
435,999
433,1001
435,1001
434,473
428,507
428,508
428,509
433,505
435,505
433,507
433,508
437,448
433,509
438,512
438,514
435,507
437,1024
434,999
435,508
435,509
437,1026
434,1001
438,516
437,462
437,466
437,468
437,473
437,999
438,518
437,1001
434,505
434,507
437,505
434,508
438,520
437,507
437,508
434,509
437,509
437,446
438,522
438,524
438,526
438,1007
438,528
438,500
438,510
445,1025
429,1024
444,463
444,464
445,465
436,437
429,1026
436,446
436,448
444,997
445,467
436,462
436,466
445,998
445,1000
436,468
436,473
445,1023
445,447
447,1025
436,999
436,1001
444,1022
436,505
448,1024
448,1026
436,507
436,508
436,509
447,465
447,467
447,998
447,1000
452,479
451,478
429,433
429,434
429,435
429,436
429,437
429,446
447,1023
429,448
453,459
455,475
455,461
429,462
429,466
429,468
429,473
448,1692
448,1693
461,475
429,999
429,1001
459,460
448,462
448,466
448,468
429,505
448,473
429,507
462,1024
429,508
462,1026
429,509
448,999
448,1001
463,997
463,464
448,505
448,507
463,1022
448,508
448,509
464,997
464,1022
465,1025
465,998
465,1000
465,467
462,1692
462,1693
465,1023
462,466
462,468
462,473
466,1024
462,999
467,1025
466,1026
462,1001
467,998
467,1000
467,1023
468,1024
466,1692
466,1693
466,468
466,473
466,999
466,1001
473,1024
473,1026
468,1026
471,472
466,505
480,502
482,504
483,484
468,1692
468,1693
473,1692
473,1693
468,473
486,489
468,999
468,1001
468,505
468,507
468,508
468,509
473,999
466,507
466,508
466,509
491,492
473,1001
473,505
473,507
473,508
473,509
496,1003
462,505
497,1004
462,507
462,508
462,509
500,512
500,514
500,516
500,518
500,520
500,522
500,524
500,526
500,1007
500,528
500,510
502,503
505,1024
505,1026
507,1024
507,1026
499,2504
501,1008
498,2504
508,1024
508,1026
499,1005
499,1006
509,1024
505,1692
509,1026
505,1693
509,999
509,1001
498,1005
498,1006
510,512
510,514
510,516
498,499
510,518
510,520
510,522
510,524
510,526
510,1007
510,528
512,514
512,516
512,518
512,520
514,516
505,999
512,522
512,524
512,526
514,518
512,1007
512,528
514,520
505,1001
516,518
516,520
516,522
516,524
516,526
516,1007
516,528
514,522
514,524
514,526
518,520
514,1007
518,522
514,528
518,524
518,526
518,1007
519,521
518,528
519,527
520,522
520,524
520,526
520,1007
520,528
521,527
522,524
522,526
522,1007
522,528
524,526
505,507
524,1007
505,508
524,528
505,509
526,1007
526,528
529,6001
528,1007
529,531
529,5075
530,5762
530,1446
531,6001
529,6003
530,5991
531,5075
529,1445
530,5738
529,1461
531,6003
530,6002
531,1445
529,5990
530,5076
531,1461
529,4793
530,532
529,4378
531,5990
530,6004
531,4793
532,5762
530,1462
531,4378
530,4794
530,4379
532,1446
532,5991
532,5738
532,6002
532,6004
532,5076
532,1462
532,4794
532,4379
507,1692
507,1693
508,999
508,1001
508,509
542,2555
543,2556
547,548
507,999
507,1001
507,508
507,509
446,1024
446,1026
446,1692
446,1693
446,448
446,462
446,466
446,468
446,473
446,999
446,1001
446,505
446,507
446,508
446,509
556,557
556,558
556,559
556,560
556,4798
557,4802
557,558
557,559
557,560
557,4799
558,4800
558,559
558,560
559,4801
559,560
560,4798
562,4806
564,565
564,6249
565,6250
567,4393
567,6252
568,569
568,570
568,571
568,572
568,573
568,575
555,561
569,570
569,571
569,572
569,573
569,574
569,575
571,572
571,573
571,574
571,575
572,573
572,574
572,575
573,574
573,575
563,564
563,565
550,553
570,571
570,572
570,573
570,574
570,575
577,578
576,6261
577,6262
578,6263
579,4822
579,4407
579,6264
580,4834
580,581
580,582
580,6265
580,6266
580,6267
581,4834
581,582
581,6265
581,6266
581,6267
582,4834
582,6265
582,6266
582,6267
574,575
587,588
563,6248
597,598
595,597
595,598
608,5977
622,623
624,5989
632,633
632,634
633,634
635,636
635,637
635,638
636,637
636,638
637,638
667,1735
676,6179
676,6189
667,5821
681,682
680,6194
683,6153
685,687
688,690
688,691
687,689
690,691
694,6158
692,693
694,6162
706,710
704,1574
704,1577
706,1576
706,1579
705,1575
705,1578
710,1576
710,1579
725,728
725,733
726,729
726,734
724,4720
728,733
727,735
729,734
731,742
732,743
746,747
762,5760
762,5345
762,5892
763,5761
763,5346
763,5893
761,5891
761,5344
761,5759
772,773
774,797
775,798
771,772
771,773
776,777
776,799
780,803
781,804
783,806
777,800
784,807
786,809
789,790
789,812
787,810
794,795
794,796
795,796
803,806
815,818
814,815
822,839
826,827
826,828
799,800
827,828
829,832
831,832
834,835
842,843
842,844
842,845
843,844
843,845
844,845
846,847
846,848
846,849
847,848
847,849
850,852
850,854
852,854
851,855
870,871
861,862
866,867
873,874
877,878
875,876
872,875
900,901
848,849
911,912
921,922
927,928
927,929
927,931
926,928
926,929
926,931
929,931
926,927
928,929
935,936
955,956
959,960
961,962
969,976
971,978
970,977
972,979
975,1963
980,1945
983,1948
985,1950
984,1949
981,1946
987,1958
988,1960
989,1969
994,995
998,1025
998,1000
997,1022
998,1023
999,1024
999,1026
1000,1025
1000,1023
999,1692
999,1693
1001,1024
1001,1026
999,1001
1001,1692
1001,1693
1011,1012
982,1947
1005,2504
1005,1006
1015,1016
1017,1028
1018,1029
1006,2504
1019,1020
1013,1014
1023,1025
1030,2912
1032,1220
1031,1032
1030,1068
1026,1692
1026,1693
1030,2254
1030,1844
1024,1026
1039,1074
1037,2917
1039,1828
1037,2949
1037,2247
1039,1851
1037,1072
1037,1849
1034,1070
1034,2245
1024,1692
1024,1693
1045,1088
1045,1082
1044,2209
1044,1837
1044,1081
1044,1087
1050,1250
1050,2215
1051,1251
1054,1254
1054,2184
1054,1055
1055,1255
1055,2185
1056,1256
1057,1257
1047,1090
1059,1259
1059,2222
1059,2928
1059,1873
1059,1234
1059,2901
1059,2199
1059,2940
1060,1260
1047,1084
1062,1262
1062,2226
1061,1261
1064,1264
1064,2228
1065,1265
1068,2912
1068,2254
1068,1844
1069,2244
1074,1828
1072,2917
1072,2949
1072,2247
1074,1851
1070,2245
1072,1849
1076,1077
1076,1078
1076,1853
1076,1854
1076,1855
1077,1078
1077,1853
1077,1855
1078,1854
1081,2209
1081,1837
1082,1088
1081,1087
1084,1090
1087,2209
1087,1837
1106,3073
1106,5890
1106,4614
1106,4641
1106,2723
1106,2470
1106,5545
1106,2480
1106,4147
1106,5555
1106,3381
1106,5559
1106,2488
1106,2750
1106,2499
1106,3399
1106,2761
1106,3404
1106,2765
1106,2510
1106,4687
1106,3030
1106,1112
1106,2520
1106,4698
1106,1115
1106,4702
1106,2528
1106,1129
1106,3050
1106,4075
1106,1134
1106,3069
1106,5501
1107,1108
1109,2702
1109,5583
1109,2707
1109,5852
1110,2533
1109,2984
1109,5867
1109,2989
1109,3309
1109,4089
1109,3324
1109,4094
1112,3073
1112,5890
1112,4614
1112,4641
1112,2723
1112,2470
1112,5545
1112,2480
1112,4147
1112,5555
1112,3381
1112,5559
1112,2488
1112,2750
1112,2499
1111,1114
1112,3399
1112,2761
1112,3404
1112,2765
1112,2510
1112,4687
1112,3030
1112,2520
1112,4698
1112,1115
1112,4702
1112,2528
1112,1129
1112,3050
1112,4075
1112,1134
1112,3069
1112,5501
1117,2542
1120,2544
1119,2543
1122,4144
1122,5588
1122,4055
1122,4631
1122,2745
1122,5498
1122,4606
1122,4638
1122,5887
1126,2467
1126,3048
1126,2478
1128,2701
1126,2493
1129,3073
1131,2512
1130,2500
1131,3053
1129,5890
1129,4614
1129,4641
1130,2521
1129,2723
1130,2471
1129,2470
1129,5545
1130,1135
1129,2480
1129,4147
1133,2706
1129,5555
1129,3381
1129,5559
1129,2488
1129,2750
1134,3073
1129,2499
1134,5890
1129,3399
1129,2761
1134,4614
1129,3404
1134,4641
1129,2765
1134,2723
1129,2510
1134,2470
1129,4687
1134,5545
1129,3030
1129,2520
1134,2480
1129,4698
1134,4147
1134,5555
1129,4702
1134,3381
1129,2528
1129,3050
1134,5559
1129,4075
1134,2488
1129,1134
1134,2750
1134,2499
1134,3399
1134,2761
1134,3404
1134,2765
1129,3069
1134,2510
1129,5501
1134,4687
1135,2752
1136,2501
1134,3030
1134,2520
1136,3400
1134,4698
1136,3405
1134,4702
1134,2528
1135,4689
1134,3050
1134,4075
1135,3032
1135,2471
1135,4077
1134,3069
1134,5501
1136,2522
1137,2473
1135,2489
1137,2483
1137,2491
1136,3053
1137,2751
1136,2482
1137,2502
1137,3402
1137,3407
1137,4688
1137,3031
1137,2523
1137,2529
1137,3054
1137,4078
1115,3073
1115,5890
1115,4614
1115,4641
1115,2723
1115,2470
1115,5545
1115,2480
1115,4147
1115,5555
1115,3381
1115,5559
1143,2715
1115,2488
1146,2717
1115,2750
1115,2499
1115,3399
1145,2716
1115,2761
1115,3404
1115,2765
1115,2510
1115,4687
1115,3030
1115,2520
1115,4698
1115,4702
1115,2528
1115,1129
1115,3050
1115,4075
1115,1134
1148,1151
1115,3069
1115,5501
1142,2714
1154,2435
1154,2005
1155,2436
1162,1168
1162,1171
1163,1165
1168,1171
1169,1170
1177,1179
1182,1183
1190,1192
1212,2945
1212,2180
1212,1831
1212,2892
1212,2926
1209,3330
1209,3075
1209,4616
1216,2948
1209,3377
1209,3383
1209,3393
1209,4704
1209,4706
1217,2187
1209,2977
1209,5547
1209,5561
1209,2507
1209,5580
1209,2767
1209,2515
1209,2517
1209,2525
1209,3039
1209,4073
1209,5870
1209,5873
1209,4082
1209,3327
1228,2945
1231,1827
1228,1831
1228,2892
1234,1259
1228,1870
1228,2926
1234,2222
1234,2928
1231,2890
1233,2927
1234,1873
1231,1868
1234,2901
1234,2199
1231,2924
1234,2940
1231,2196
1231,2938
1238,1876
1244,1245
1243,1244
1243,1245
1250,2215
1254,1255
1254,2184
1255,2185
1259,2222
1259,2928
1259,1873
1259,2901
1264,2228
1262,2226
1273,1274
1280,1281
1284,1285
1288,1289
1291,1897
1291,2285
1296,1297
1298,1300
1329,1330
1335,1336
1340,1349
1340,1350
1340,1356
1340,1341
1339,1349
1339,1350
1339,1351
1339,1352
1339,1353
1339,1354
1339,1356
1341,1349
1341,1350
1339,1357
1341,1351
1339,1358
1341,1352
1341,1353
1341,1354
1341,1356
1341,1357
1339,1364
1339,1365
1339,1366
1341,1358
1339,1367
1341,1364
1339,1369
1339,1370
1341,1365
1341,1366
1339,1340
1341,1367
1339,1341
1341,1369
1341,1370
1349,1351
1349,1352
1349,1353
1350,1351
1350,1352
1350,1353
1350,1354
1350,1356
1349,1356
1350,1357
1350,1358
1350,1364
1350,1365
1350,1366
1350,1367
1350,1369
1350,1370
1351,1352
1351,1353
1351,1354
1351,1356
1351,1357
1351,1358
1351,1364
1351,1365
1351,1366
1352,1353
1351,1367
1352,1354
1351,1369
1351,1370
1352,1356
1352,1357
1352,1358
1352,1364
1352,1365
1352,1366
1352,1367
1352,1369
1352,1370
1353,1354
1353,1356
1353,1357
1353,1358
1353,1364
1353,1365
1353,1366
1353,1367
1353,1369
1353,1370
1354,1356
1354,1357
1354,1358
1354,1364
1354,1365
1354,1366
1354,1367
1354,1369
1354,1370
1357,1358
1356,1357
1357,1364
1357,1365
1356,1358
1357,1366
1357,1367
1356,1364
1358,1364
1357,1369
1356,1365
1358,1365
1356,1366
1358,1366
1356,1367
1358,1367
1358,1369
1356,1369
1358,1370
1356,1370
1357,1370
1361,1362
1364,1365
1364,1366
1364,1367
1365,1366
1364,1369
1365,1367
1364,1370
1365,1369
1365,1370
1359,1360
1366,1367
1366,1369
1366,1370
1367,1369
1367,1370
1369,1370
1388,1389
1388,1390
1388,1392
1388,1394
1390,1391
1390,1392
1390,1393
1391,1392
1391,1393
1391,1395
1390,1394
1389,1390
1392,1393
1392,1394
1389,1392
1389,1394
1393,1395
1394,1395
1399,1400
1402,1403
1401,1404
1414,5925
1416,1441
1420,1421
1424,1425
1424,1426
1424,1427
1424,1428
1424,1429
1424,1430
1425,1426
1425,1427
1425,1428
1425,1429
1425,1430
1426,1427
1426,1428
1426,1429
1426,1430
1428,1429
1428,1430
1427,1428
1427,1429
1429,1430
1427,1430
1440,1442
1445,6001
1446,5762
1445,5075
1446,5991
1446,5738
1445,6003
1446,6002
1445,1461
1446,5076
1445,5990
1445,4793
1446,6004
1445,4378
1446,1462
1446,4794
1446,4379
1451,1452
1454,1456
1453,1454
1453,1456
1457,1458
1457,1459
1455,1457
1455,1458
1455,1459
1458,1459
1461,6001
1461,5075
1461,6003
1461,5990
1461,4793
1461,4378
1462,5762
1462,5991
1462,5738
1462,6002
1462,6004
1462,5076
1462,4794
1462,4379
1463,1464
1465,1466
1473,1474
1482,1486
1502,1506
1515,3721
1515,1942
1516,1542
1515,4901
1516,1557
1516,1558
1515,1911
1516,1517
1516,1518
1516,1519
1516,1520
1516,1521
1516,1523
1516,1524
1516,1525
1516,1526
1516,1533
1517,1542
1517,1557
1517,1558
1517,1518
1517,1519
1517,1520
1517,1521
1517,1523
1517,1524
1517,1525
1517,1526
1517,1533
1518,1542
1518,1557
1518,1558
1518,1519
1518,1520
1518,1521
1518,1523
1518,1524
1518,1525
1518,1526
1518,1533
1519,1542
1519,1557
1519,1558
1519,1520
1519,1521
1519,1523
1519,1524
1519,1525
1519,1526
1519,1533
1520,1542
1520,1557
1520,1558
1520,1521
1520,1523
1520,1524
1520,1525
1520,1526
1520,1533
1521,1542
1521,1557
1521,1558
1521,1523
1521,1524
1521,1525
1521,1526
1521,1533
1523,1542
1523,1557
1523,1558
1523,1524
1523,1525
1523,1526
1523,1533
1524,1542
1524,1557
1524,1558
1524,1525
1524,1526
1524,1533
1525,1542
1525,1557
1525,1558
1525,1526
1525,1533
1527,1536
1527,1537
1527,1538
1527,1539
1527,1540
1527,1541
1528,1536
1527,1547
1527,1548
1528,1537
1527,1549
1528,1538
1527,1550
1527,1551
1528,1539
1527,1552
1528,1540
1527,1553
1527,1554
1528,1541
1527,1556
1529,1536
1529,1537
1528,1547
1529,1538
1528,1548
1528,1549
1528,1550
1528,1551
1529,1539
1528,1552
1529,1540
1528,1553
1529,1541
1528,1554
1527,1528
1527,1529
1527,1530
1528,1556
1527,1531
1529,1547
1529,1548
1529,1549
1527,1532
1529,1550
1529,1551
1529,1552
1529,1553
1529,1554
1529,1556
1527,1534
1528,1529
1530,1536
1528,1530
1530,1537
1528,1531
1530,1538
1528,1532
1530,1539
1530,1540
1530,1541
1528,1534
1530,1547
1530,1548
1530,1549
1530,1550
1530,1551
1530,1552
1530,1553
1530,1554
1529,1530
1530,1556
1529,1531
1529,1532
1529,1534
1530,1531
1531,1536
1531,1537
1530,1532
1531,1538
1530,1534
1531,1539
1531,1540
1531,1541
1531,1547
1531,1548
1531,1549
1531,1550
1531,1551
1531,1552
1531,1553
1531,1554
1531,1556
1531,1532
1532,1536
1532,1537
1532,1538
1532,1539
1532,1540
1531,1534
1533,1542
1532,1541
1532,1547
1532,1548
1532,1549
1533,1557
1533,1558
1532,1550
1532,1551
1532,1552
1532,1553
1532,1554
1532,1556
1534,1536
1534,1537
1534,1538
1534,1539
1534,1540
1534,1541
1532,1534
1534,1547
1534,1548
1534,1549
1534,1550
1534,1551
1534,1552
1534,1553
1534,1554
1534,1556
1536,1537
1536,1538
1536,1539
1536,1540
1536,1541
1536,1547
1536,1548
1536,1549
1536,1550
1536,1551
1536,1552
1537,1538
1536,1553
1536,1554
1537,1539
1536,1556
1537,1540
1537,1541
1537,1547
1537,1548
1537,1549
1537,1550
1537,1551
1537,1552
1537,1553
1537,1554
1537,1556
1538,1539
1538,1540
1538,1541
1538,1547
1538,1548
1538,1549
1538,1550
1538,1551
1538,1552
1538,1553
1538,1554
1538,1556
1539,1540
1539,1541
1539,1547
1539,1548
1539,1549
1539,1550
1539,1551
1539,1552
1539,1553
1539,1554
1539,1556
1540,1541
1540,1547
1540,1548
1540,1549
1540,1550
1540,1551
1540,1552
1540,1553
1540,1554
1540,1556
1541,1547
1541,1548
1541,1549
1541,1550
1541,1551
1541,1552
1541,1553
1541,1554
1541,1556
1542,1557
1542,1558
1526,1542
1526,1557
1526,1558
1526,1533
1544,1545
1546,1559
1548,1549
1548,1550
1548,1551
1548,1552
1548,1553
1548,1554
1548,1556
1549,1550
1549,1551
1549,1552
1549,1553
1549,1554
1549,1556
1550,1551
1550,1552
1550,1553
1550,1554
1550,1556
1551,1552
1551,1553
1551,1554
1551,1556
1552,1553
1552,1554
1552,1556
1553,1554
1553,1556
1554,1556
1547,1548
1547,1549
1547,1550
1547,1551
1547,1552
1547,1553
1547,1554
1547,1556
1557,1558
1560,1561
1563,1565
1564,1565
1564,1566
1564,1567
1565,1567
1566,1567
1562,1563
1562,1564
1562,1565
1574,1577
1576,1579
1575,1578
1580,3482
1592,1593
1592,1594
1593,1594
1597,3870
1597,1598
1597,1607
1598,2344
1598,1599
1597,3300
1597,3302
1597,2285
1597,2287
1598,3478
1598,2285
1601,1604
1607,2326
1607,3870
1607,1649
1607,1651
1607,3300
1607,3302
1607,2285
1602,1605
1612,1628
1612,2292
1617,1618
1616,1617
1617,1619
1616,1618
1618,1619
1616,1619
1615,1631
1622,1669
1622,2319
1622,1661
1623,1670
1623,1671
1623,2320
1623,2321
1623,1662
1623,1663
1626,1665
1626,2317
1626,1635
1626,2294
1628,2292
1635,1665
1635,2317
1635,2294
1645,1646
1645,1647
1646,1647
1651,2326
1651,3878
1655,1656
1657,1658
1651,3300
1651,3302
1649,2326
1649,3878
1661,1669
1661,2319
1649,1651
1662,1670
1662,1671
1662,2320
1649,3300
1662,2321
1649,3302
1662,1663
1663,1670
1663,1671
1663,2320
1663,2321
1664,1672
1665,2317
1664,2322
1665,2294
1669,2319
1670,1671
1670,2320
1670,2321
1672,2322
1679,1681
1679,1682
1681,1682
1671,2320
1671,2321
1692,1693
1698,4353
1698,1774
1698,2078
1695,1696
1699,1700
1701,1811
1705,2123
1703,1704
1705,1779
1705,1814
1706,2122
1706,2124
1706,1780
1713,2049
1713,2056
1713,2085
1713,3199
1728,1729
1731,1732
1732,1734
1726,1727
1733,1734
1735,5821
1752,1754
1757,1758
1763,1764
1769,1771
1774,4353
1774,2078
1777,1778
1779,2123
1780,2122
1780,2124
1779,1814
1790,1792
1790,1796
1789,1790
1792,1798
1800,1801
1810,4373
1814,2123
1817,2243
1817,2219
1817,2935
1819,1820
1819,1821
1826,1829
1827,2890
1827,1868
1828,2217
1827,2924
1828,1851
1827,2196
1827,2938
1831,2945
1831,2180
1831,2892
1831,1870
1831,2926
1820,1821
1837,2209
1844,2912
1844,2254
1838,2210
1851,2217
1846,2256
1846,2259
1849,2917
1849,2949
1849,2247
1854,1855
1853,1854
1853,1855
1868,2890
1868,2924
1868,2196
1868,2938
1873,2222
1873,2928
1873,2901
1873,2940
1880,1914
1883,1915
1884,1916
1886,1920
1870,2945
1870,2892
1870,2926
1887,1888
1889,1923
1890,1924
1891,1921
1892,1922
1887,1917
1894,1926
1887,1919
1899,1928
1900,1929
1901,1930
1902,1931
1897,2285
1903,1934
1904,1935
1907,1938
1908,1939
1906,1937
1909,1940
1910,1941
1905,1936
1911,1942
1912,1943
1911,4901
1888,1919
1942,4901
1960,1961
1960,1962
1961,1962
1973,1974
1981,2000
1982,2001
1981,1996
1981,1998
1982,1997
1982,1999
1991,1992
1992,1993
1991,1993
1992,1994
1991,1994
1996,2000
1996,1998
1993,1994
1997,2001
1998,2000
1997,1999
1999,2001
2011,2012
2015,2022
2016,3330
2016,3075
2016,5639
2016,4616
2020,2027
2021,2028
2016,3338
2016,4107
2029,2039
2017,2026
2016,5647
2030,3330
2030,3075
2030,5639
2030,4616
2030,3338
2030,4107
2030,5647
2030,5648
2030,5398
2030,5406
2030,5407
2030,4140
2030,3377
2030,3383
2030,3393
2030,4704
2030,4706
2030,2678
2031,2467
2030,2687
2030,2447
2034,2048
2034,2038
2034,2044
2016,5648
2016,5398
2016,5406
2030,2977
2016,5407
2030,2466
2030,5547
2030,2477
2030,5561
2030,3002
2030,2492
2030,2497
2016,4140
2030,2504
2030,2507
2030,5580
2030,2767
2016,3377
2030,2515
2030,2517
2030,2525
2030,3039
2030,3047
2030,4073
2030,2538
2030,5870
2030,5873
2030,4082
2016,3383
2016,3393
2016,4704
2016,4706
2016,2678
2031,3048
2036,2037
2031,2041
2030,2040
2030,5881
2035,2036
2035,2037
2036,2045
2036,2046
2036,2047
2038,2048
2038,2044
2016,2687
2040,3330
2035,2045
2040,3075
2040,5639
2016,2447
2040,4616
2030,3327
2035,2046
2035,2047
2042,2043
2044,2048
2041,2467
2040,3338
2037,2045
2037,2046
2037,2047
2040,4107
2040,5647
2041,3048
2040,5648
2040,5398
2040,5406
2040,5407
2040,4140
2040,3377
2040,3383
2040,3393
2040,4704
2040,4706
2040,2678
2040,2687
2016,2977
2045,2046
2045,2047
2049,2085
2049,2056
2049,3199
2050,3200
2050,2086
2050,2057
2051,3201
2016,2466
2051,3202
2051,2052
2051,3204
2051,2054
2016,5547
2016,2477
2016,5561
2016,3002
2052,3201
2016,2492
2052,3202
2052,3204
2052,2054
2016,2497
2016,2504
2016,2507
2052,2058
2052,2060
2051,2058
2053,3203
2053,2059
2051,2060
2053,2087
2046,2047
2055,3205
2056,2085
2055,2089
2055,2061
2016,5580
2016,2767
2016,2515
2056,3199
2057,3200
2057,2086
2058,3201
2058,3202
2058,3204
2016,2517
2054,3201
2054,3202
2054,3204
2059,3203
2058,2060
2059,2087
2054,2088
2060,3201
2060,3202
2060,3204
2054,2058
2054,2060
2061,3205
2060,2088
2061,2089
2016,2525
2016,3039
2016,2023
2016,3047
2016,4073
2064,2067
2065,2068
2016,2538
2016,2030
2016,5870
2016,5873
2016,4082
2072,2075
2016,2040
2016,5881
2016,3327
2040,2447
2040,2977
2040,2466
2040,5547
2040,2477
2040,5561
2040,3002
2040,2492
2077,4352
2078,4353
2080,4354
2040,2497
2040,2504
2040,2507
2040,5580
2040,2767
2040,2515
2040,2517
2083,2084
2086,3200
2081,2082
2023,3330
2023,3075
2023,5639
2023,4616
2023,3338
2023,4107
2088,3204
2087,3203
2085,3199
2089,3205
2023,5647
2023,5648
2023,5398
2023,5406
2023,5407
2023,4140
2023,3377
2023,3383
2023,3393
2023,4704
2040,2525
2040,3039
2023,4706
2023,2678
2023,2687
2023,2447
2023,2977
2023,2466
2040,3047
2040,4073
2040,2538
2023,5547
2023,2477
2023,5561
2023,3002
2023,2492
2023,2497
2023,2504
2023,2507
2023,5580
2023,2767
2023,2515
2023,2517
2023,2525
2023,3039
2023,3047
2023,4073
2023,2538
2023,2030
2023,5870
2023,5873
2023,4082
2023,2040
2023,5881
2023,3327
2040,5870
2040,5873
2040,4082
2040,5881
2040,3327
2126,2129
2130,2133
2122,2124
2143,2177
2143,2174
2153,2175
2154,2163
2159,2160
2165,2166
2166,2176
2166,2175
2175,2176
2174,2177
2180,2945
2180,2892
2180,2926
2184,2185
2196,2890
2194,2936
2196,2924
2196,2938
2199,2928
2199,2901
2199,2940
2200,2201
2204,2205
2219,2243
2219,2935
2222,2928
2222,2901
2222,2940
2235,2878
2237,2880
2238,2881
2239,2882
2240,2883
2241,2884
2243,2935
2236,2879
2247,2917
2247,2949
2249,2951
2242,2887
2251,2252
2254,2912
2256,2259
2273,2274
2273,2282
2274,2283
2278,2289
2277,2288
2282,2283
2279,2290
2280,2291
2285,3870
2285,3300
2285,3302
2285,2287
2292,2323
2293,2324
2294,2317
2295,2318
2305,2308
2320,2321
2328,2329
2326,3478
2326,3300
2326,3302
2335,2337
2344,3478
2347,2349
2348,2350
2347,2351
2348,2352
2349,2351
2350,2352
2357,3870
2357,3874
2357,4718
2357,4720
2355,3286
2366,2368
2366,2367
2367,2368
2369,2370
2371,2373
2371,2375
2371,2377
2372,2374
2373,2375
2373,2377
2384,2403
2386,2388
2386,2401
2386,2402
2386,2403
2386,2405
2386,2406
2386,2407
2386,2414
2386,2415
2386,2416
2386,2426
2388,2401
2388,2402
2388,2403
2388,2405
2388,2406
2388,2407
2388,2414
2388,2415
2388,2416
2390,2395
2394,2395
2397,2399
2401,2402
2401,2403
2401,2405
2401,2406
2401,2407
2401,2414
2401,2415
2401,2416
2402,2403
2402,2405
2402,2406
2402,2407
2401,2426
2402,2414
2402,2415
2402,2416
2403,2405
2403,2406
2403,2407
2402,2426
2403,2414
2403,2415
2403,2416
2405,2406
2405,2407
2405,2414
2405,2415
2405,2416
2405,2426
2406,2407
2406,2414
2406,2415
2406,2416
2406,2426
2407,2414
2407,2415
2407,2416
2407,2426
2411,2412
2415,2416
2415,2426
2416,2426
2423,2830
2422,2829
2424,2425
2430,2840
2431,2432
2431,2841
2431,2842
2414,2415
2414,2416
2414,2426
2444,2685
2443,2684
2445,2686
2447,6017
2447,3330
2447,6018
2447,3075
2447,4616
2447,3338
2446,4978
2447,4107
2447,2977
2447,2466
2447,5674
2447,5547
2447,4140
2447,5676
2447,2477
2447,3377
2447,3383
2447,5561
2447,3002
2449,2690
2447,2492
2447,2497
2450,2691
2447,3393
2447,2504
2447,2507
2447,5580
2447,2767
2447,2515
2447,2517
2447,2525
2447,3039
2447,4704
2447,4706
2447,5606
2447,3047
2447,5607
2447,5608
2447,4073
2447,5609
2447,2538
2447,5870
2447,5873
2447,4082
2447,2678
2447,5881
2447,2687
2447,3327
2453,2694
2454,3331
2454,2978
2432,2842
2458,2459
2454,5582
2454,5850
2454,3307
2454,5868
2454,5874
2460,2461
2454,4083
2454,3325
2463,2464
2466,3330
2466,3075
2466,5639
2466,4616
2466,3338
2466,4107
2466,5647
2466,5648
2466,5398
2466,5406
2466,5407
2470,3073
2470,5890
2466,4140
2466,3377
2470,4614
2466,3383
2470,4641
2470,2723
2466,3393
2470,5545
2466,4704
2466,4706
2470,2480
2466,2678
2470,4147
2466,2687
2470,5555
2470,3381
2470,5559
2470,2488
2466,2977
2470,2750
2470,2499
2470,3399
2470,2761
2466,5547
2470,3404
2466,2477
2470,2765
2466,5561
2470,2510
2466,3002
2466,2492
2470,4687
2470,3030
2470,2520
2470,4698
2466,2497
2470,4702
2471,2489
2470,2528
2466,2504
2470,3050
2466,2507
2471,2752
2466,5580
2470,4075
2466,2767
2466,2515
2471,2500
2471,4689
2473,2483
2473,2491
2471,3032
2471,2521
2473,2751
2466,2517
2471,4077
2466,2525
2473,2502
2470,3069
2466,3039
2474,2475
2473,3402
2470,5501
2473,3407
2466,3047
2473,4688
2466,4073
2466,2538
2466,5870
2473,3031
2466,5873
2466,4082
2473,2523
2473,2529
2466,5881
2466,3327
2473,3054
2473,4078
2467,2478
2467,2493
2478,2493
2467,3048
2467,2537
2480,3073
2480,5890
2480,4614
2480,4641
2480,2723
2480,5545
2480,4147
2480,5555
2478,3048
2480,3381
2480,5559
2480,2488
2480,2750
2480,2499
2480,3399
2480,2761
2480,3404
2480,2765
2480,2510
2480,4687
2480,3030
2480,2520
2480,4698
2480,4702
2480,2528
2480,3050
2480,4075
2482,2501
2480,3069
2480,5501
2482,3400
2482,3405
2482,2522
2482,3053
2483,2491
2483,2751
2484,2485
2483,2502
2483,3402
2483,3407
2483,4688
2488,3073
2488,5890
2488,4614
2488,4641
2488,2723
2488,5545
2489,2752
2488,4147
2488,5555
2488,3381
2489,4077
2488,5559
2483,3031
2489,4689
2489,3032
2488,2750
2483,2523
2483,2529
2488,2499
2488,3399
2488,2761
2488,3404
2483,3054
2488,2765
2488,2510
2483,4078
2488,4687
2488,3030
2488,2520
2488,4698
2488,4702
2488,2528
2488,3050
2490,3400
2488,4075
2490,3405
2490,2512
2488,3069
2488,5501
2491,2751
2491,2502
2491,3402
2491,3407
2491,4688
2491,3031
2492,3330
2492,3075
2491,2523
2492,5639
2492,4616
2491,2529
2492,3338
2492,4107
2491,3054
2492,5647
2492,5648
2491,4078
2492,5398
2492,5406
2492,5407
2492,4140
2492,3377
2492,3383
2492,3393
2492,4704
2492,4706
2492,2678
2492,2687
2492,2977
2492,5547
2492,5561
2492,3002
2492,2497
2493,3048
2492,2504
2492,2507
2492,5580
2492,2767
2492,2515
2492,2517
2492,2525
2492,3039
2492,3047
2492,4073
2492,2538
2492,5870
2492,5873
2492,4082
2492,5881
2492,3327
2494,2495
2477,3330
2477,3075
2477,5639
2477,4616
2477,3338
2477,4107
2477,5647
2477,5648
2477,5398
2477,5406
2477,5407
2477,4140
2477,3377
2477,3383
2477,3393
2477,4704
2477,4706
2477,2678
2477,2687
2498,2508
2477,2977
2477,5547
2477,5561
2498,2526
2477,3002
2477,2492
2477,2497
2477,2504
2477,2507
2477,5580
2477,2767
2477,2515
2477,2517
2477,2525
2477,3039
2477,3047
2477,4073
2477,2538
2477,5870
2477,5873
2477,4082
2499,3073
2477,5881
2499,5890
2477,3327
2499,4614
2499,4641
2499,2723
2499,5545
2499,4147
2499,5555
2499,3381
2499,5559
2499,2750
2499,3399
2499,2761
2499,3404
2499,2765
2499,2510
2499,4687
2499,3030
2499,2520
2499,4698
2499,4702
2499,2528
2499,3050
2499,4075
2499,3069
2499,5501
2501,3400
2501,3405
2501,2522
2501,3053
2497,3330
2497,3075
2497,4616
2497,3338
2497,4107
2502,2751
2497,2977
2497,5547
2502,3402
2497,4140
2497,3377
2497,3383
2497,5561
2497,3002
2502,3407
2502,4688
2497,3393
2497,2504
2497,2507
2497,5580
2497,2767
2502,3031
2497,2515
2497,2517
2502,2523
2497,2525
2497,3039
2502,2529
2497,4704
2497,4706
2502,3054
2497,3047
2502,4078
2497,4073
2497,2538
2497,5870
2497,5873
2497,4082
2497,2678
2497,5881
2497,2687
2497,3327
2504,3330
2504,3075
2504,4616
2504,3338
2504,4107
2504,4140
2504,3377
2504,3383
2504,3393
2504,4704
2504,4706
2504,2678
2504,2687
2504,2977
2504,5547
2504,5561
2504,3002
2504,2507
2504,5580
2504,2767
2504,2515
2504,2517
2504,2525
2504,3039
2504,3047
2504,4073
2504,2538
2504,5870
2504,5873
2504,4082
2504,5881
2504,3327
2507,3330
2507,3075
2507,4616
2507,3338
2507,4107
2507,4140
2507,3377
2507,3383
2507,3393
2508,3074
2508,4615
2507,4704
2507,4706
2507,2678
2507,2687
2508,5546
2507,2977
2507,5547
2507,5561
2507,3002
2508,3384
2508,5560
2508,2766
2508,2516
2507,5580
2507,2767
2507,2515
2510,3073
2510,5890
2507,2517
2507,2525
2510,4614
2510,4641
2507,3039
2510,2723
2510,5545
2507,3047
2507,4073
2507,2538
2507,5870
2510,4147
2510,5555
2507,5873
2510,3381
2507,4082
2507,5881
2508,2526
2510,5559
2508,4703
2507,3327
2510,2750
2510,3399
2508,4072
2510,2761
2510,3404
2510,2765
2510,4687
2510,3030
2510,2520
2510,4698
2510,4702
2510,2528
2510,3050
2510,4075
2512,3053
2510,3069
2510,5501
2516,3384
2516,2526
2515,3330
2515,3075
2515,4616
2515,3338
2516,4072
2515,4107
2515,4140
2515,3377
2515,3383
2515,3393
2517,3330
2517,3075
2517,4616
2517,3338
2515,4704
2515,4706
2517,4107
2515,2678
2515,2687
2515,2977
2515,5547
2515,5561
2515,3002
2517,4140
2515,5580
2517,3377
2515,2767
2517,3383
2517,3393
2515,2517
2515,2525
2517,4704
2517,4706
2520,3073
2520,5890
2515,3039
2520,4614
2520,4641
2520,2723
2520,5545
2515,3047
2515,4073
2522,3400
2515,2538
2522,3405
2517,2678
2515,5870
2517,2687
2520,4147
2520,5555
2520,3381
2515,5873
2515,4082
2515,5881
2515,3327
2517,2977
2517,5547
2517,5561
2522,3053
2517,3002
2517,5580
2520,5559
2517,2767
2520,2750
2520,3399
2520,2761
2520,3404
2517,2525
2520,2765
2520,4687
2517,3039
2520,3030
2520,4698
2520,4702
2517,3047
2520,2528
2517,4073
2520,3050
2517,2538
2520,4075
2517,5870
2517,5873
2517,4082
2517,5881
2517,3327
2520,3069
2520,5501
2523,2751
2525,3330
2525,3075
2523,3402
2525,4616
2525,3338
2525,4107
2523,3407
2523,4688
2526,3074
2523,3031
2526,4615
2523,2529
2525,4140
2525,3377
2525,3383
2523,3054
2526,5546
2525,3393
2523,4078
2525,4704
2525,4706
2525,2678
2526,3384
2526,5560
2525,2687
2526,2766
2525,2977
2525,5547
2525,5561
2525,3002
2526,4703
2528,3073
2528,5890
2525,5580
2525,2767
2528,4614
2528,4641
2528,2723
2528,5545
2526,4072
2529,2751
2528,4147
2528,5555
2528,3381
2529,3402
2525,3039
2529,3407
2528,5559
2529,4688
2528,2750
2532,6466
2528,3399
2528,2761
2528,3404
2528,2765
2532,3595
2529,3031
2528,4687
2525,3047
2525,4073
2525,2538
2532,6128
2532,3764
2525,5870
2529,3054
2525,5873
2532,3767
2529,4078
2525,4082
2532,6393
2525,5881
2525,3327
2532,4351
2528,3030
2528,4698
2528,4702
2528,3050
2528,4075
2528,3069
2528,5501
2538,3330
2538,3075
2538,5639
2538,4616
2538,3338
2538,4107
2538,5647
2538,5648
2538,5398
2538,5406
2538,5407
2537,3048
2538,4140
2538,3377
2538,3383
2538,3393
2538,4704
2538,4706
2538,2678
2538,2687
2538,2977
2538,5547
2538,5561
2538,3002
2538,5580
2538,2767
2538,3039
2538,3047
2538,4073
2538,5870
2538,5873
2538,4082
2546,2562
2538,5881
2538,3327
2552,2619
2558,2559
2563,2564
2568,2569
2577,2578
2580,2581
2590,2612
2627,5680
2630,2631
2638,2639
2639,2640
2639,2641
2640,2641
2638,2640
2638,2641
2656,2657
2670,2672
2668,2670
2674,2676
2678,3330
2678,3075
2678,4616
2678,3338
2678,4107
2678,4140
2678,3377
2678,3383
2678,3393
2678,4704
2678,4706
2678,2687
2678,2977
2678,5547
2678,5561
2678,3002
2678,5580
2678,2767
2678,3039
2678,3047
2678,4073
2678,5870
2678,5873
2678,4082
2678,5881
2678,3327
2687,6017
2687,3330
2687,6018
2687,3075
2687,4616
2687,3338
2687,4107
2687,2977
2687,5674
2687,5547
2687,4140
2687,5676
2687,3377
2687,3383
2687,5561
2687,3002
2687,3393
2687,5580
2687,2767
2687,3039
2687,4704
2687,4706
2687,5606
2687,3047
2687,5607
2687,5608
2687,4073
2687,5609
2687,5870
2687,5873
2687,4082
2687,5881
2687,3327
2699,4142
2702,5583
2702,2707
2702,5852
2702,2984
2702,5867
2702,2989
2702,3309
2702,4089
2702,3324
2702,4094
2707,5583
2707,5852
2708,5585
2707,2984
2707,5867
2708,5854
2707,2989
2707,3309
2708,3311
2709,2985
2707,4089
2707,3324
2707,4094
2709,2990
2709,4090
2709,4095
2710,4097
2710,5586
2710,5853
2710,2987
2710,3310
2710,2992
2710,4092
2718,3343
2718,4642
2718,3366
2718,3367
2718,3034
2719,3344
2719,4643
2719,3368
2719,3394
2719,3036
2721,3369
2721,3396
2721,3041
2723,3073
2723,5890
2723,4614
2723,4641
2723,5545
2723,4147
2723,5555
2723,3381
2723,5559
2723,2750
2723,3399
2723,2761
2723,3404
2723,2765
2723,4687
2723,3030
2723,4698
2723,4702
2723,3050
2723,4075
2723,3069
2723,5501
2727,3397
2731,2761
2728,3374
2731,4698
2727,3042
2731,3056
2727,3373
2731,5555
2730,3055
2731,3386
2731,3069
2733,3058
2728,2729
2733,3388
2730,3385
2730,3068
2728,3043
2736,4679
2736,4600
2736,4632
2734,3059
2734,3389
2736,5502
2736,3007
2736,4127
2738,5504
2738,3009
2738,4129
2737,4680
2738,4681
2738,4634
2737,4633
2739,4682
2737,4128
2735,3060
2735,3390
2729,3043
2729,3044
2737,5503
2732,3387
2732,3057
2744,5587
2744,4054
2744,4630
2744,4605
2745,4144
2745,5588
2745,4055
2745,4631
2745,5498
2745,4606
2745,4638
2748,5007
2748,4685
2748,3028
2748,5849
2748,3306
2748,4592
2747,3027
2747,4684
2750,3073
2750,5890
2750,4614
2750,4641
2750,5545
2750,4147
2750,5555
2750,3381
2750,5559
2750,3399
2750,2761
2750,3404
2750,2765
2750,4687
2750,3030
2751,3402
2750,4698
2752,4689
2750,4702
2750,3050
2752,3032
2751,3407
2751,4688
2750,4075
2751,3031
2753,4690
2750,3069
2750,5501
2753,3033
2751,3054
2751,4078
2752,4077
2754,4691
2749,4686
2749,3029
2755,4608
2755,5539
2755,5549
2755,4692
2755,3062
2756,4609
2756,4610
2756,4611
2757,4609
2757,4610
2756,4693
2756,4694
2756,4695
2756,5540
2756,5541
2756,5542
2756,5550
2756,5551
2756,5552
2757,4693
2757,4694
2756,2757
2756,2758
2757,5540
2757,5541
2757,5542
2757,5550
2757,5551
2756,3063
2756,3064
2756,3065
2760,4697
2761,3073
2761,5890
2759,4696
2757,3063
2759,5553
2762,5556
2757,3064
2760,5554
2762,4699
2762,3070
2761,4614
2761,4641
2761,5545
2761,5555
2759,3066
2761,4147
2761,3381
2761,5559
2761,3386
2761,3399
2761,3404
2761,2765
2761,4687
2761,3030
2761,4698
2761,4702
2761,3050
2761,4075
2761,3056
2761,3069
2761,5501
2763,4612
2763,5543
2764,3072
2764,4613
2764,5544
2763,5557
2764,5558
2765,3073
2765,5890
2764,4701
2765,4614
2765,4641
2765,5545
2765,4147
2766,3074
2765,5555
2765,3381
2766,4615
2765,5559
2765,3399
2765,3404
2765,4687
2766,5546
2765,3030
2765,4698
2765,4702
2766,5560
2765,3050
2765,4075
2767,3330
2767,3075
2767,4616
2765,3069
2765,5501
2767,3338
2767,4107
2766,4703
2767,4140
2767,3377
2767,3383
2767,3393
2767,4704
2767,4706
2767,2977
2767,5547
2767,5561
2767,3002
2767,5580
2767,3039
2767,3047
2767,4073
2767,5870
2767,5873
2767,4082
2767,5881
2767,3327
2773,2774
2775,2778
2775,2780
2775,2784
2758,4609
2758,4611
2778,2784
2778,2780
2778,2782
2780,2784
2780,2782
2763,4700
2763,3071
2779,2781
2758,3347
2758,4693
2758,4695
2758,5540
2758,5542
2758,5550
2758,5552
2758,3063
2758,3065
2789,2824
2791,2822
2791,2823
2791,2793
2791,2794
2791,2795
2793,2818
2793,2819
2793,2821
2793,2822
2793,2823
2791,2808
2791,2809
2791,2810
2791,2812
2791,2813
2791,2814
2791,2815
2793,2794
2793,2795
2794,2821
2794,2822
2794,2823
2793,2808
2793,2809
2793,2810
2793,2812
2793,2813
2793,2814
2793,2815
2794,2795
2794,2807
2794,2808
2794,2809
2794,2810
2794,2812
2794,2813
2794,2814
2794,2815
2797,2802
2795,2821
2795,2822
2795,2823
2795,2807
2795,2808
2795,2809
2795,2810
2795,2812
2795,2813
2795,2814
2801,2802
2795,2815
2804,2833
2804,2806
2806,2833
2807,2821
2807,2810
2807,2812
2808,2818
2808,2819
2808,2821
2808,2822
2808,2823
2808,2809
2808,2810
2809,2821
2809,2822
2809,2823
2808,2812
2808,2813
2808,2814
2809,2810
2809,2812
2809,2813
2809,2814
2810,2818
2810,2819
2810,2821
2810,2822
2810,2823
2810,2812
2812,2821
2812,2822
2810,2813
2812,2823
2810,2814
2812,2813
2812,2814
2812,2815
2813,2821
2813,2822
2813,2823
2813,2814
2813,2815
2818,2819
2818,2820
2818,2821
2819,2820
2814,2821
2814,2822
2814,2823
2821,2822
2821,2823
2814,2815
2822,2823
2831,2832
2841,2842
2856,3410
2857,2859
2858,3495
2858,2864
2858,3412
2860,3497
2863,2868
2860,2869
2860,3414
2865,2866
2865,2867
2865,2872
2866,2867
2865,3503
2866,2872
2865,3514
2866,3504
2867,2872
2867,3506
2867,3515
2869,3497
2869,3414
2864,3495
2870,2871
2870,2872
2864,3412
2870,3505
2872,3505
2876,2877
2876,2878
2877,2878
2890,2924
2890,2938
2892,2945
2892,2926
2894,2930
2901,2928
2901,2940
2906,2907
2906,2908
2906,2909
2908,2909
2907,2908
2907,2909
2917,2949
2926,2945
2924,2938
2928,2940
2941,2942
2958,2962
2959,2961
2974,4079
2975,4080
2975,5847
2975,3304
2977,3330
2977,3075
2977,4616
2977,3338
2977,4107
2977,4140
2977,3377
2977,3383
2977,3393
2977,4704
2977,4706
2978,3331
2977,5547
2977,5561
2977,3002
2978,5582
2977,5580
2978,5850
2978,3307
2978,5868
2977,3039
2978,5874
2978,4083
2980,5522
2977,3047
2978,3325
2977,4073
2977,5870
2979,4084
2977,5873
2977,4082
2977,5881
2977,3327
2980,4085
2981,5523
2981,4086
2982,4087
2984,5583
2984,5852
2984,5867
2984,2989
2984,3309
2983,2988
2984,4089
2984,3324
2984,4094
2983,4088
2983,4093
2986,4096
2976,4081
2986,2991
2986,4091
2985,2990
2985,4090
2985,4095
2987,4097
2987,5586
2987,5853
2989,5583
2987,3310
2989,5852
2987,2992
2989,5867
2989,3309
2989,4089
2989,3324
2987,4092
2989,4094
2988,4088
2988,4093
2991,4096
2991,4091
2990,4090
2990,4095
2992,4097
2992,5586
2992,5853
2992,3310
2992,4092
2993,4098
2994,4099
2994,5525
2994,5860
2996,4101
2994,3317
2997,4102
2998,4103
2997,5863
2997,3320
2998,5864
2998,3321
2999,3335
2999,4104
3000,3336
3000,4105
2999,5878
3000,5879
3001,3337
3001,4106
3001,5880
3002,3330
3002,3075
3002,5639
3002,4616
3002,3338
3002,4107
3002,5647
3002,5648
3002,5398
3003,3339
3002,5406
3002,5407
3003,4108
3002,4140
3002,3377
3002,3383
3002,3393
3002,4704
3002,4706
3002,5547
3002,5561
3002,5580
3003,5882
3004,3340
3002,3039
3004,4109
3002,3047
3002,4073
3005,3341
3005,4110
3002,5870
3002,5873
3002,4082
3002,5881
3006,5885
3007,4679
3006,3342
3007,4600
3007,4632
3006,4111
3007,5502
3005,5884
3007,4127
3002,3327
3009,5504
3009,4129
3009,4681
3009,4634
3004,5883
3008,4601
3012,5507
3013,4113
3013,5508
3013,4149
3013,5590
3013,4057
3013,4619
3013,4668
3012,4112
3014,5509
3012,4148
3014,4114
3012,5589
3012,4056
3015,5510
3015,4620
3014,4058
3015,4115
3014,4150
3015,4151
3015,4059
3016,5511
3015,4669
3016,4116
3016,4060
3016,4152
3018,4154
3017,4153
3023,5600
3022,4066
3022,4122
3024,4160
3022,4158
3025,5520
3024,4068
3021,4065
3023,4067
3023,4123
3023,5518
3024,4124
3024,5519
3023,4159
3021,5516
3025,4161
3021,4121
3025,5602
3025,4069
3021,4157
3025,4125
2995,4100
3028,5007
3028,4685
3028,5849
3028,3306
3028,4592
3030,3073
3030,5890
3030,4614
3030,4641
3030,5545
3030,4147
3030,5555
3029,4686
3030,3381
3030,5559
3030,3399
3030,3404
3031,3402
3032,4689
3030,4687
3030,4698
3030,4702
3031,3407
3030,3050
3032,4077
3031,4688
3030,4075
3030,3069
3030,5501
3031,3054
3031,4078
3033,4690
3034,3366
3034,3035
3036,3344
3036,4643
3036,3368
3036,3394
3037,3345
3027,4684
3037,4644
3037,3370
3037,3395
3039,3330
3039,3075
3039,4616
3039,3338
3039,4107
3039,4140
3039,3377
3039,3383
3039,3393
3039,4704
3039,4706
3039,5547
3039,5561
3039,5580
3040,3378
3039,3047
3039,4073
3039,5870
3039,5873
3039,4082
3039,5881
3039,3327
3040,4707
3041,3369
3041,3396
3042,3397
3042,3373
3043,3374
3044,3375
3038,3376
3045,3379
3047,3330
3047,3075
3047,5639
3047,4616
3047,3338
3047,4107
3047,5647
3047,5648
3047,5398
3045,3067
3047,5406
3047,5407
3047,4140
3047,3377
3047,3383
3047,3393
3047,4704
3047,4706
3047,5547
3047,5561
3047,5580
3047,4073
3047,5870
3047,5873
3047,4082
3047,5881
3047,3327
3050,3073
3050,5890
3050,4614
3050,4641
3050,5545
3050,4147
3050,5555
3050,3381
3050,5559
3053,3400
3050,3399
3050,3404
3053,3405
3050,4687
3050,4698
3050,4702
3050,4075
3050,3069
3050,5501
3054,3402
3054,3407
3054,4688
3054,4078
3055,3385
3055,3068
3058,3388
3056,4698
3057,3387
3056,5555
3056,3386
3056,3069
3059,3389
3060,3390
3061,5538
3061,5548
3062,4608
3062,4692
3062,5539
3062,5549
3061,4607
3063,4609
3063,4610
3063,4611
3064,4609
3064,4610
3063,4693
3063,4694
3063,4695
3063,5540
3063,5541
3063,5542
3063,5550
3063,5551
3064,4693
3063,5552
3064,4694
3064,5540
3064,5541
3064,5542
3064,5550
3064,5551
3063,3064
3063,3065
3066,4696
3066,5553
3068,3385
3069,3073
3069,5890
3069,4614
3069,4641
3069,5545
3069,5555
3069,4147
3069,3381
3069,5559
3069,3386
3069,3399
3069,3404
3069,4687
3069,4698
3069,4702
3069,4075
3069,5501
3070,5556
3071,4612
3072,4613
3072,5544
3071,5543
3072,5558
3071,5557
3072,4701
3071,4700
3073,5890
3073,4614
3073,4641
3073,5545
3073,4147
3073,5555
3073,3381
3073,5559
3073,3399
3073,3404
3073,4687
3073,4698
3073,4702
3073,4075
3073,5501
3074,4615
3074,5546
3074,5560
3074,4703
3075,3330
3075,4616
3075,3338
3075,4107
3076,3082
3077,3083
3075,4140
3075,3377
3075,3383
3075,3393
3075,4704
3075,4706
3075,5547
3075,5561
3075,5580
3079,3084
3075,4073
3075,5870
3075,5873
3075,4082
3075,5881
3075,3327
3081,3086
3067,3379
3092,3093
3092,3094
3093,3094
3095,3096
3097,3121
3070,4699
3102,3134
3103,3135
3104,3136
3105,3137
3106,3138
3107,3139
3108,3140
3101,3132
3109,3141
3110,3142
3065,4609
3065,4611
3065,4693
3065,4695
3065,5540
3065,5542
3112,3145
3065,5550
3065,5552
3113,3147
3116,3117
3115,3116
3115,3117
3116,3119
3115,3119
3117,3118
3117,3119
3118,3119
3123,3124
3124,3125
3126,3127
3156,3157
3168,5312
3171,3172
3171,3173
3171,3174
3171,3175
3172,3173
3172,3174
3172,3175
3170,3176
3170,3181
3170,3182
3173,3174
3173,3175
3174,3175
3176,3181
3176,3182
3179,3180
3179,3191
3181,3182
3180,3192
3184,4394
3184,6253
3184,3185
3185,4395
3184,3186
3185,4396
3184,3187
3185,4397
3185,6254
3185,4398
3185,4399
3185,6255
3185,6256
3186,4395
3185,4401
3186,4396
3185,6257
3186,4397
3186,4398
3185,3186
3186,6254
3185,6258
3186,4399
3186,6255
3185,3187
3186,6256
3185,3188
3186,4401
3185,6260
3186,6257
3186,6258
3185,3189
3186,3187
3186,3188
3186,6260
3186,3189
3187,4395
3187,4396
3187,4397
3187,4398
3187,6254
3187,4399
3187,6255
3187,6256
3187,4401
3187,6257
3187,6258
3187,3188
3187,6260
3187,3189
3188,4400
3188,6259
3188,3189
3189,4395
3189,4396
3189,4397
3189,4398
3189,6254
3189,4399
3189,6255
3189,6256
3189,4401
3189,6257
3189,6258
3189,6260
3153,3155
3191,3192
3196,4408
3196,4409
3196,4410
3196,3197
3196,3198
3197,4408
3197,4409
3197,4410
3198,4408
3198,4409
3197,3198
3198,4410
3201,3202
3201,3204
3202,3204
3209,3210
3213,3214
3222,3254
3222,3259
3224,3225
3193,4405
3254,3259
3264,3265
3265,3266
3266,3267
3264,3266
3265,3267
3264,3267
3272,3273
3272,3274
3272,3275
3273,3274
3273,3275
3274,3275
3295,3297
3293,3294
3296,3298
3303,5846
3304,4080
3304,5847
3300,3870
3300,3302
3302,3870
3306,5007
3306,4685
3306,5849
3307,3331
3306,4592
3305,5848
3309,5583
3309,5852
3309,5867
3307,5582
3307,5850
3309,4089
3309,3324
3310,4097
3309,4094
3307,5868
3307,5874
3307,4083
3310,5586
3307,3325
3311,5585
3310,5853
3311,5854
3310,4092
3312,5855
3308,5851
3314,5857
3313,5856
3315,5525
3317,4099
3316,5858
3316,5859
3319,5862
3315,5858
3316,5860
3315,5859
3315,5860
3317,5525
3316,3317
3315,3316
3315,3317
3320,4102
3317,5858
3317,5859
3317,5860
3320,5863
3321,4103
3321,5864
3318,5861
3324,5867
3324,5583
3324,4089
3324,5852
3325,3331
3324,4094
3323,5866
3325,5582
3325,5850
3325,5868
3325,5874
3325,4083
3322,5865
3327,3330
3327,4616
3327,3338
3327,4107
3326,5869
3327,4140
3327,3377
3327,3383
3327,3393
3327,4704
3327,4706
3327,5547
3327,5561
3327,5580
3327,4073
3327,5870
3327,5873
3327,4082
3327,5881
3328,5871
3330,4616
3330,3338
3330,4107
3329,5872
3330,4140
3330,3377
3330,3383
3330,3393
3330,4704
3330,4706
3330,5547
3330,5561
3330,5580
3330,4073
3330,5870
3330,5873
3330,4082
3330,5881
3332,5875
3335,4104
3335,5878
3337,4106
3337,5880
3331,5582
3331,5850
3331,5868
3331,5874
3331,4083
3333,5876
3334,5877
3338,5639
3338,4616
3338,4107
3338,5647
3338,5648
3338,5398
3338,5406
3338,5407
3338,4140
3338,3377
3338,3383
3338,3393
3338,4704
3338,4706
3338,5547
3338,5561
3338,5580
3339,4108
3338,4073
3338,5870
3338,5873
3338,4082
3338,5881
3340,4109
3341,4110
3342,5885
3342,4111
3341,5884
3339,5882
3340,5883
3343,4642
3343,3366
3344,4643
3344,3368
3344,3394
3345,4644
3345,3370
3345,3395
3336,4105
3336,5879
3347,4611
3349,4649
3347,5552
3348,4647
3350,4650
3351,4651
3353,4653
3352,4652
3354,4654
3357,4657
3355,4655
3358,4658
3356,5533
3356,4656
3359,4659
3360,4660
3361,4661
3362,3363
3362,4662
3363,4662
3362,4663
3363,4663
3364,4664
3365,4665
3366,4642
3366,3367
3368,4643
3368,3394
3369,3396
3370,3395
3370,4644
3373,3397
3346,4645
3377,4616
3377,4107
3377,4140
3377,3383
3377,3393
3377,4704
3377,4706
3377,5547
3377,5561
3377,5580
3377,4073
3377,5870
3377,5873
3377,4082
3377,5881
3378,4707
3381,5890
3381,4614
3381,4641
3381,5545
3381,4147
3381,5555
3381,5559
3381,3399
3381,3404
3381,4687
3381,4698
3381,4702
3381,4075
3381,5501
3383,4616
3383,4107
3383,4140
3383,3393
3383,4704
3383,4706
3386,4698
3386,5555
3383,5547
3383,5561
3383,5580
3383,4073
3384,4072
3383,5870
3383,5873
3383,4082
3383,5881
3393,4616
3393,4107
3393,4140
3393,4704
3393,4706
3393,5547
3393,5561
3393,5580
3394,4643
3393,4073
3393,5870
3393,5873
3393,4082
3393,5881
3395,4644
3399,5890
3399,4614
3399,4641
3399,5545
3399,4147
3399,5555
3399,5559
3400,3405
3399,3404
3399,4687
3399,4698
3399,4702
3399,4075
3401,3406
3399,5501
3402,3407
3402,4688
3402,4078
3398,3403
3404,5890
3404,4614
3404,4641
3404,5545
3404,4147
3404,5555
3404,5559
3404,4687
3404,4698
3404,4702
3404,4075
3404,5501
3407,4688
3407,4078
3411,3413
3412,3495
3414,3497
3416,3484
3417,3485
3418,3486
3419,3487
3422,3424
3425,3517
3425,3518
3425,3519
3425,3520
3425,3521
3425,3522
3425,3523
3425,3524
3425,3525
3423,3502
3423,3509
3423,3510
3423,3511
3435,3448
3444,3445
3459,3460
3461,3464
3463,3464
3465,3466
3465,3467
3465,3468
3465,3469
3465,3470
3466,3467
3468,3469
3466,3468
3468,3470
3466,3469
3466,3470
3467,3468
3467,3469
3467,3470
3469,3470
3477,3479
3489,3490
3491,3492
3502,3509
3502,3510
3502,3511
3503,3504
3503,3505
3503,3506
3503,3512
3503,3513
3503,3514
3503,3515
3504,3505
3504,3506
3504,3512
3504,3513
3504,3514
3504,3515
3506,3512
3506,3513
3506,3514
3506,3515
3505,3506
3505,3512
3505,3513
3505,3514
3505,3515
3509,3510
3509,3511
3509,3517
3510,3511
3510,3517
3512,3513
3512,3514
3512,3515
3511,3517
3514,3515
3513,3514
3513,3515
3518,3519
3518,3520
3518,3521
3518,3522
3518,3523
3518,3524
3518,3525
3519,3520
3519,3521
3519,3522
3519,3523
3519,3524
3519,3525
3520,3521
3520,3522
3520,3523
3520,3524
3520,3525
3521,3522
3521,3523
3521,3524
3521,3525
3522,3523
3522,3524
3522,3525
3523,3524
3523,3525
3528,3529
3526,4002
3526,4963
3524,3525
3532,4035
3532,4008
3533,4036
3535,4417
3535,4951
3535,4970
3535,4012
3531,4033
3531,4007
3537,4014
3536,4013
3538,6080
3538,6020
3540,6082
3538,6344
3538,6409
3540,6022
3540,6346
3540,6411
3536,4972
3538,6052
3541,6347
3543,6349
3548,6028
3542,6348
3548,6354
3548,6059
3546,6415
3550,6030
3551,3552
3554,6032
3553,6031
3555,6033
3555,6359
3555,6064
3553,6357
3558,6036
3558,6427
3557,6035
3557,6426
3558,6067
3557,6066
3557,6095
3557,6361
3560,6433
3560,3564
3560,6098
3560,6101
3560,6364
3560,6429
3559,6037
3559,6363
3558,6096
3561,6365
3561,3562
3558,6362
3562,6366
3564,6433
3564,6098
3564,6101
3564,6429
3565,6102
3565,6434
3565,3566
3563,6432
3566,6103
3566,6435
3568,6105
3568,6372
3568,6437
3567,6039
3568,3574
3567,6104
3569,3585
3567,6371
3567,6436
3567,6070
3569,3572
3569,3575
3569,3578
3569,3582
3570,6040
3570,6106
3571,6440
3570,6373
3570,6439
3572,3585
3573,6041
3573,6108
3573,6375
3573,6442
3571,6107
3573,6072
3572,3575
3572,3578
3571,6374
3572,3582
3571,3577
3575,3585
3574,6109
3574,6376
3574,6443
3575,3578
3577,6446
3575,3582
3577,6111
3578,3585
3576,6042
3576,6110
3577,6378
3576,6377
3576,6445
3576,6073
3580,6449
3578,3582
3581,6114
3580,6113
3580,6380
3581,6381
3579,3586
3581,6450
3579,6043
3579,6448
3579,6074
3582,3585
3579,6112
3583,6115
3579,6379
3579,6384
3582,6451
3583,6382
3583,6452
3586,6043
3585,6454
3586,6455
3584,6453
3588,6044
3586,6117
3586,6379
3588,6119
3584,6116
3586,6384
3588,6386
3588,6457
3584,6383
3587,6456
3590,6046
3587,6118
3592,6123
3592,6390
3587,6385
3592,6461
3591,6389
3591,6122
3591,6460
3595,6466
3595,6128
3595,3764
3595,3767
3595,6393
3595,4351
3596,6048
3597,6049
3600,5376
3600,5377
3594,6392
3600,3981
3600,3601
3593,6391
3601,5376
3601,5377
3602,5378
3604,5380
3604,5383
3604,3607
3604,3622
3603,5379
3606,3968
3606,5382
3605,5381
3606,3621
3608,3952
3604,3969
3609,3953
3610,3954
3610,3956
3612,3954
3612,3956
3610,3612
3607,5380
3613,3957
3607,5383
3614,3617
3614,3958
3607,3622
3615,3618
3607,3969
3617,3961
3616,3619
3619,3960
3619,3963
3616,3960
3616,3963
3615,3959
3615,3962
3621,3968
3621,5382
3623,4954
3623,3624
3618,3959
3622,5380
3622,5383
3618,3962
3622,3969
3635,3636
3635,3637
3635,3638
3636,3637
3636,3638
3635,3641
3635,3643
3635,3644
3636,3641
3636,3643
3636,3644
3637,3638
3637,3641
3637,3643
3637,3644
3638,3641
3639,3640
3641,3643
3641,3644
3642,3645
3643,3644
3647,3648
3651,3660
3652,3661
3657,3664
3657,3682
3658,3659
3664,3682
3669,3681
3668,3678
3685,4883
3685,3689
3685,3691
3688,3694
3689,3691
3691,4883
3686,3692
3696,3698
3712,5250
3712,4163
3712,3716
3712,3720
3712,5256
3712,5259
3713,5251
3712,5261
3713,4164
3713,3717
3713,5257
3713,3722
3713,5260
3713,5262
3712,4835
3712,4839
3713,4185
3713,4836
3712,4846
3713,4841
3713,4847
3716,5250
3716,4163
3715,3719
3713,4222
3715,4168
3716,3720
3716,5256
3716,5259
3715,3726
3717,5251
3717,4164
3716,5261
3717,5257
3717,3722
3717,5260
3716,4835
3716,4839
3717,5262
3717,4185
3717,4836
3716,4846
3717,4841
3717,4847
3719,4168
3717,4222
3721,4901
3719,3726
3722,5251
3722,4164
3722,5257
3723,4165
3722,5260
3722,5262
3722,4185
3722,4836
3723,5263
3722,4841
3722,4847
3722,4222
3726,4168
3727,3728
3720,5250
3720,4163
3720,5256
3720,5259
3720,5261
3720,4835
3720,4839
3720,4846
3733,3736
3733,3740
3733,3743
3734,3744
3737,3744
3734,3737
3735,3738
3734,3741
3737,3741
3735,3742
3736,3740
3736,3743
3738,3742
3738,3745
3740,3743
3742,3745
3741,3744
3747,3779
3748,3749
3748,3750
3748,3751
3748,3780
3749,3750
3748,3781
3748,3782
3749,3751
3748,3783
3749,3780
3749,3781
3749,3782
3749,3783
3751,3780
3751,3781
3751,3782
3750,3751
3751,3783
3750,3780
3750,3781
3750,3782
3750,3783
3754,3756
3754,3758
3757,3759
3755,3757
3755,3759
3756,3758
3762,4349
3763,3785
3764,6466
3763,4350
3764,6128
3764,3767
3764,6393
3764,4351
3767,6466
3766,3787
3767,6128
3767,6393
3767,4351
3761,3789
3771,3773
3770,3772
3771,3775
3773,3775
3777,3778
3776,4792
3780,3781
3780,3782
3780,3783
3781,3782
3781,3783
3782,3783
3785,4350
3794,3795
3798,3800
3798,3801
3798,3802
3798,3803
3798,3804
3798,3805
3798,3806
3798,3807
3798,3809
3798,3810
3798,3811
3801,3802
3801,3803
3801,3804
3801,3805
3801,3806
3801,3807
3801,3809
3801,3810
3802,3803
3802,3804
3802,3805
3802,3806
3802,3807
3802,3809
3802,3810
3803,3804
3803,3805
3803,3806
3803,3807
3804,3805
3804,3806
3803,3809
3803,3810
3804,3809
3803,3811
3804,3810
3807,3808
3807,3809
3807,3810
3800,3801
3800,3802
3800,3803
3800,3804
3800,3805
3800,3806
3800,3807
3800,3809
3800,3810
3805,3806
3805,3807
3805,3809
3805,3810
3809,3810
3806,3807
3806,3809
3806,3810
3816,4294
3815,4293
3818,4296
3817,4295
3817,4298
3817,4301
3819,4297
3819,4300
3819,3822
3819,4306
3817,3820
3817,3823
3821,4299
3819,3828
3819,4309
3819,3831
3819,4312
3819,3834
3822,4297
3820,4295
3822,4300
3822,4306
3820,4298
3822,3828
3820,4301
3822,4309
3822,3831
3822,4312
3822,3834
3820,4307
3824,4302
3820,4313
3825,4303
3820,3823
3820,3829
3820,3835
3823,4295
3823,4298
3823,4301
3827,4305
3823,4307
3823,4313
3823,3829
3823,3835
3828,4297
3831,4297
3831,4300
3828,4300
3830,4308
3831,4306
3828,4306
3828,4309
3831,4309
3828,3831
3831,4312
3831,3834
3828,4312
3828,3834
3826,4304
3834,4297
3834,4300
3829,4298
3829,4301
3834,4306
3834,4309
3834,4312
3833,4311
3829,4307
3829,4310
3829,4313
3829,4315
3829,3832
3829,3835
3829,3837
3835,4298
3835,4301
3835,4307
3835,4310
3835,4313
3835,4315
3832,4307
3832,4310
3832,4313
3835,3837
3832,3835
3836,4314
3838,4316
3840,4318
3841,4319
3839,4317
3843,4321
3842,4320
3844,4322
3837,4307
3837,4313
3837,4315
3846,4324
3847,4325
3848,3855
3849,3856
3845,4323
3850,3857
3852,3858
3853,3859
3865,3873
3865,3869
3866,4720
3869,3873
3870,3874
3870,4718
3874,4718
3886,3905
3887,3906
3890,3911
3891,3912
3890,3891
3892,3913
3895,3897
3894,3895
3900,3901
3898,3904
3911,3912
3920,4711
3922,3943
3922,4712
3922,3925
3923,3924
3922,4728
3923,3926
3922,3932
3923,3933
3923,3944
3923,4713
3924,3927
3923,4729
3926,3927
3926,3935
3926,3946
3926,4715
3926,4731
3932,3943
3932,4712
3932,4728
3932,3934
3933,3944
3933,4713
3934,3945
3934,4714
3934,4730
3933,4729
3933,3935
3938,3939
3935,3946
3935,4715
3935,4731
3943,4712
3943,3945
3943,4728
3944,4713
3944,3946
3945,4714
3944,4729
3945,4730
3947,3948
3946,4715
3946,4731
3954,3956
3958,3961
3960,3963
3959,3962
3968,5382
3969,5380
3969,5383
3973,3974
3973,6397
3974,6397
3977,6400
3975,6398
3972,6013
3981,5376
3981,3982
3987,3988
3987,3989
3988,3989
3996,3997
4000,4001
4002,4963
4004,4005
4007,4033
4008,4035
4012,4417
4012,4951
4012,4970
4013,4972
4019,4020
4030,4031
4054,5587
4054,4630
4056,5507
4057,4113
4057,5508
4056,4112
4057,4149
4057,5590
4054,4605
4057,4619
4057,4668
4056,4148
4056,5589
4058,5509
4058,4114
4060,5511
4059,5510
4060,4116
4059,4620
4055,4144
4055,5588
4055,4631
4055,5498
4055,4606
4055,4638
4055,5887
4060,4152
4061,5512
4059,4115
4061,4117
4062,5513
4058,4150
4062,4118
4059,4151
4063,5514
4066,4122
4066,4158
4063,4119
4059,4669
4067,5600
4067,4123
4067,5518
4067,4159
4068,4160
4068,4124
4068,5519
4069,5520
4065,5516
4069,4161
4069,5602
4065,4121
4065,4157
4061,4153
4070,5521
4069,4125
4070,4126
4073,4616
4073,4107
4074,5581
4073,4140
4073,4704
4073,4706
4073,5547
4073,5561
4077,4689
4073,5580
4078,4688
4075,5890
4075,4614
4075,4641
4073,5870
4080,5847
4075,5545
4073,5873
4073,4082
4073,5881
4075,4147
4075,5555
4075,5559
4075,4687
4075,4698
4075,4702
4075,5501
4082,4616
4082,4107
4082,4140
4082,4704
4082,4706
4082,5547
4082,5561
4082,5580
4083,5582
4083,5850
4082,5870
4082,5873
4083,5868
4083,5874
4082,5881
4086,5523
4085,5522
4089,5583
4091,4096
4089,5852
4089,5867
4089,4094
4092,4097
4088,4093
4092,5586
4092,5853
4094,5583
4094,5852
4094,5867
4090,4095
4097,5586
4097,5853
4099,5525
4099,5860
4102,5863
4105,5879
4104,5878
4106,5880
4103,5864
4107,5639
4107,4616
4107,5647
4107,5648
4107,5398
4107,5406
4107,5407
4107,4140
4110,5884
4107,4704
4107,4706
4108,5882
4107,5547
4107,5561
4111,5885
4112,5507
4113,5508
4113,4149
4113,5590
4113,4619
4107,5580
4113,4668
4112,4148
4112,5589
4107,5870
4107,5873
4107,5881
4114,5509
4115,5510
4115,4620
4114,4150
4115,4151
4115,4669
4116,5511
4117,5512
4118,5513
4116,4152
4117,4153
4119,5514
4121,5516
4120,5515
4122,4158
4123,5600
4124,4160
4123,5518
4124,5519
4125,5520
4125,4161
4125,5602
4121,4157
4123,4159
4127,4679
4127,4600
4127,4632
4127,5502
4129,5504
4126,5521
4129,4681
4109,5883
4129,4634
4128,4680
4128,4633
4128,5503
4131,4636
4140,5639
4140,4616
4140,5647
4140,5648
4140,5398
4140,5406
4140,5407
4140,4704
4140,4706
4140,5547
4140,5561
4140,5580
4143,4637
4140,5870
4140,5873
4140,5881
4144,5588
4144,4631
4144,5498
4144,4606
4143,5497
4144,4638
4144,5887
4146,4640
4146,5889
4146,5500
4147,5890
4147,4614
4147,4641
4147,5545
4147,5555
4147,5559
4149,5508
4145,5888
4149,5590
4149,4619
4149,4668
4148,5507
4147,4687
4145,5499
4147,4698
4145,4639
4151,5510
4147,4702
4151,4620
4151,4669
4152,5511
4147,5501
4148,5589
4150,5509
4157,5516
4159,5600
4161,5520
4159,5518
4161,5602
4160,5519
4163,5250
4164,5251
4163,5256
4164,5257
4163,5259
4163,5261
4164,5260
4165,5263
4164,5262
4163,4835
4163,4839
4163,4846
4164,4185
4164,4836
4164,4841
4164,4847
4170,4171
4164,4222
4170,5247
4171,5247
4174,4175
4178,4179
4180,4181
4185,5251
4185,5257
4185,5260
4185,5262
4185,4836
4185,4841
4185,4847
4185,4222
4187,4224
4190,4191
4196,4229
4197,4230
4207,4208
4207,4211
4209,4213
4213,4214
4212,4213
4212,4214
4222,5251
4222,5257
4222,5260
4222,5262
4222,4836
4222,4841
4222,4847
4229,4241
4229,4843
4235,4236
4241,4242
4241,4843
4248,4249
4248,4250
4249,4250
4261,4265
4266,4267
4266,4268
4266,4269
4266,4270
4266,4271
4267,4268
4267,4269
4267,4270
4267,4271
4268,4269
4268,4270
4269,4270
4268,4271
4269,4271
4269,4287
4270,4271
4271,4287
4272,4274
4272,4275
4272,4276
4272,4277
4272,4278
4272,4279
4272,4280
4272,4281
4272,4282
4272,4283
4272,4284
4272,4286
4274,4275
4274,4276
4274,4277
4274,4278
4274,4279
4274,4280
4274,4281
4274,4282
4274,4283
4274,4284
4274,4286
4275,4276
4275,4277
4275,4278
4275,4279
4275,4280
4275,4281
4275,4282
4275,4283
4275,4284
4275,4286
4276,4277
4276,4278
4276,4279
4276,4280
4276,4281
4276,4282
4276,4283
4276,4284
4276,4285
4276,4286
4278,4279
4278,4280
4278,4281
4278,4282
4278,4283
4278,4284
4278,4286
4279,4280
4279,4281
4279,4282
4279,4284
4280,4281
4280,4282
4280,4283
4280,4284
4280,4286
4281,4282
4281,4283
4281,4284
4281,4286
4277,4278
4277,4279
4277,4280
4277,4281
4277,4284
4282,4283
4277,4285
4282,4284
4277,4286
4284,4286
4283,4284
4289,4291
4297,4300
4297,4306
4297,4309
4297,4312
4300,4306
4295,4298
4300,4309
4295,4301
4300,4312
4298,4301
4301,4307
4301,4313
4298,4307
4298,4313
4306,4309
4306,4312
4307,4310
4307,4313
4307,4315
4309,4312
4310,4313
4313,4315
4326,4327
4326,4328
4326,4329
4327,4328
4327,4329
4330,4341
4331,4342
4328,4329
4334,4345
4333,4344
4332,4343
4335,4346
4336,4337
4336,4338
4336,4339
4336,4340
4337,4338
4337,4339
4337,4340
4339,4340
4338,4339
4338,4340
4351,6466
4351,6128
4351,6393
4357,4358
4360,4366
4361,4363
4361,4368
4361,4370
4363,4370
4366,4371
4378,6001
4378,5075
4376,4377
4378,6003
4378,5990
4378,4793
4379,5762
4379,5991
4379,5738
4379,6002
4379,5076
4379,6004
4379,4794
4382,4383
4382,4384
4382,6241
4382,4385
4382,4386
4382,4394
4381,4387
4381,4392
4383,4384
4383,4385
4384,4385
4383,4386
4384,4386
4384,6243
4383,6242
4381,6240
4384,4394
4388,6247
4385,4386
4386,6245
4385,6244
4386,4394
4385,4394
4387,6246
4393,6252
4390,4391
4395,4396
4395,4397
4395,6254
4395,4398
4395,4399
4395,6255
4395,4400
4395,6256
4395,4401
4395,6257
4395,6258
4395,6260
4394,4395
4394,4396
4394,6253
4394,4397
4394,4398
4394,4399
4396,4397
4396,4398
4396,6254
4396,6255
4396,4399
4396,4400
4396,6256
4396,4401
4396,6257
4396,6258
4396,6260
4398,6254
4398,4399
4398,6255
4398,4400
4398,6256
4398,6257
4398,4401
4397,4398
4399,6254
4398,6258
4397,6254
4399,6255
4397,4399
4399,4400
4397,6255
4399,6256
4398,6260
4397,6256
4399,4401
4397,4400
4399,6257
4399,6258
4397,4401
4397,6257
4397,6258
4399,6260
4397,6260
4401,6254
4401,6255
4401,6256
4401,6257
4401,6258
4401,6260
4400,4401
4400,6259
4403,4404
4407,4822
4407,6264
4408,4409
4408,4410
4409,4410
4413,4947
4416,4950
4415,4416
4417,4951
4415,4949
4417,4970
4424,4541
4424,4545
4424,4549
4424,4557
4424,4565
4424,4569
4424,4573
4424,4581
4430,4433
4431,4432
4434,4435
4441,4442
4441,4443
4441,4444
4442,4443
4442,4444
4445,4446
4447,4448
4448,4449
4447,4449
4460,4940
4461,4939
4461,4940
4463,4941
4464,4941
4469,4474
4466,4522
4469,4479
4466,4471
4466,4476
4470,4480
4474,4479
4471,4522
4471,4476
4470,4475
4476,4522
4475,4480
4492,4493
4491,4942
4497,4529
4514,4517
4516,4519
4532,4533
4538,4546
4539,5027
4539,5035
4539,5690
4539,5698
4539,4547
4539,4551
4539,4559
4539,4563
4539,4571
4541,4545
4541,4549
4541,4557
4541,4565
4542,5705
4541,4569
4541,4573
4542,4554
4542,5066
4541,4581
4542,5717
4542,4566
4542,5729
4542,4578
4542,5030
4542,5042
4542,5693
4542,5054
4543,5694
4543,5706
4543,5031
4543,5043
4544,5032
4543,4555
4544,5044
4544,5695
4544,5056
4544,5707
4544,4556
4544,5068
4544,5719
4544,4568
4544,5731
4544,4580
4540,5028
4540,5036
4540,5040
4540,5691
4540,5052
4540,5699
4540,4548
4540,5060
4545,4549
4540,5703
4540,4552
4540,5064
4545,4557
4540,5715
4540,4564
4545,4565
4540,5723
4540,4572
4545,4569
4545,4573
4540,5727
4540,4576
4545,4581
4548,5028
4548,5036
4548,5048
4548,5691
4548,5052
4548,5699
4548,5060
4548,5711
4548,4560
4548,5072
4548,5715
4548,4564
4548,5723
4548,4572
4548,5735
4548,4584
4547,5027
4547,5035
4547,5690
4547,5698
4547,4551
4547,4559
4547,4563
4547,4571
4551,5039
4551,5047
4552,5028
4551,5702
4552,5040
4549,4557
4552,5048
4549,4565
4549,4569
4552,5691
4552,5052
4551,5710
4551,4559
4549,4573
4552,5703
4552,5064
4549,4581
4552,5711
4552,4560
4552,5072
4551,4575
4552,5715
4552,4564
4551,4583
4552,5727
4552,4576
4552,5735
4552,4584
4553,5041
4553,5704
4553,5065
4553,4561
4553,5728
4553,4577
4553,4585
4554,5705
4554,5066
4554,5717
4554,4566
4554,5729
4554,4578
4554,5030
4554,5042
4550,4558
4550,4562
4550,4574
4554,5693
4554,5054
4555,5694
4556,5032
4556,5044
4555,5706
4556,5695
4556,5056
4555,5031
4555,5043
4556,5707
4556,5068
4556,5719
4556,4568
4556,5731
4556,4580
4558,4570
4558,4582
4559,5039
4559,5047
4559,5702
4560,5036
4560,5040
4559,5710
4560,5048
4560,5699
4560,5060
4559,4575
4560,5703
4560,5064
4559,4583
4560,5711
4560,5072
4560,5723
4560,4572
4560,5727
4560,4576
4560,5735
4560,4584
4557,4565
4557,4569
4557,4573
4557,4581
4561,5049
4562,4570
4564,5028
4564,5036
4564,5040
4561,5712
4564,5691
4561,5073
4564,5052
4564,5699
4564,5060
4564,5703
4561,4577
4564,5064
4561,5736
4561,4585
4564,5715
4564,5723
4564,4572
4564,5727
4564,4576
4563,5051
4563,5059
4563,5714
4563,5722
4563,4571
4563,4575
4563,4583
4566,5705
4566,5066
4566,5717
4566,5729
4566,4578
4566,5030
4565,4569
4565,4573
4566,5042
4565,4581
4566,5693
4566,5054
4568,5032
4568,5044
4568,5695
4568,5056
4568,5707
4568,5068
4568,5719
4568,5731
4568,4580
4567,4579
4571,5051
4571,5059
4572,5028
4572,5036
4572,5048
4572,5691
4571,5714
4572,5052
4571,5722
4571,4575
4571,4583
4572,5699
4572,5060
4572,5711
4572,5072
4572,5715
4572,5723
4572,5735
4572,4584
4569,4573
4569,4581
4570,4582
4573,4581
4575,5063
4574,4582
4575,5071
4575,5726
4575,5734
4575,4583
4576,5028
4576,5040
4577,5041
4576,5048
4576,5691
4576,5052
4576,5703
4576,5064
4577,5704
4576,5711
4577,5065
4576,5072
4576,5715
4576,5727
4576,5735
4576,4584
4577,5728
4578,5705
4578,5066
4577,4585
4578,5717
4578,5729
4578,5030
4578,5042
4578,5693
4578,5054
4580,5032
4580,5044
4580,5695
4580,5056
4580,5707
4580,5068
4580,5719
4580,5731
4584,5036
4584,5040
4584,5048
4584,5699
4584,5060
4584,5703
4584,5064
4584,5711
4584,5072
4584,5723
4587,4979
4584,5727
4584,5735
4585,5049
4585,5712
4585,5073
4585,5736
4590,4593
4583,5063
4589,4590
4583,5071
4589,4593
4583,5726
4583,5734
4595,5011
4592,5007
4597,5013
4597,5014
4600,4679
4600,4632
4592,4685
4600,5502
4592,5849
4605,5587
4605,4630
4606,5588
4606,4631
4606,5498
4606,4638
4606,5887
4598,4599
4608,4692
4608,5539
4608,5549
4607,5538
4607,5548
4609,4610
4609,4611
4609,4693
4609,4694
4609,4695
4609,5540
4609,5541
4609,5542
4609,5550
4609,5551
4609,5552
4611,4693
4611,4695
4611,5540
4611,5542
4611,5550
4611,5552
4610,4693
4610,4694
4610,5540
4610,5541
4610,5542
4610,5550
4610,5551
4613,5544
4612,5543
4613,5558
4612,5557
4613,4701
4614,5890
4612,4700
4614,4641
4614,5545
4614,5555
4614,5559
4614,4687
4614,4698
4614,4702
4614,5501
4615,5546
4615,5560
4616,4704
4616,4706
4615,4703
4616,5547
4616,5561
4616,5580
4618,4666
4619,5508
4619,5590
4619,4668
4620,5510
4620,4669
4623,4672
4624,4673
4618,4667
4624,5572
4618,5563
4624,5564
4618,5571
4616,5870
4616,5873
4616,5881
4625,4674
4627,4676
4628,4677
4630,5587
4617,4618
4632,4679
4632,5502
4617,4666
4617,5562
4617,4667
4617,5570
4634,5504
4634,4681
4633,4680
4631,5588
4631,5498
4631,4638
4631,5887
4633,5503
4637,5497
4638,5588
4638,5498
4638,5887
4639,5888
4640,5889
4640,5500
4639,5499
4641,5890
4641,5545
4641,5555
4641,5559
4641,4687
4641,4698
4641,4702
4641,5501
4656,5533
4662,4663
4666,5562
4666,4667
4666,5570
4668,5508
4668,5590
4669,5510
4673,5572
4673,5564
4667,5563
4667,5571
4681,5504
4679,5502
4680,5503
4685,5007
4685,5849
4687,5890
4687,5545
4687,5555
4687,5559
4687,4698
4687,4702
4687,5501
4692,5539
4692,5549
4693,4694
4693,4695
4693,5540
4693,5541
4693,5542
4693,5550
4693,5551
4693,5552
4695,5540
4695,5542
4695,5550
4695,5552
4694,5540
4694,5541
4694,5542
4694,5550
4697,5554
4694,5551
4696,5553
4698,5890
4698,5545
4699,5556
4698,5555
4698,5559
4701,5544
4701,5558
4698,4702
4698,5501
4702,5890
4702,5545
4702,5555
4702,5559
4702,5501
4703,5546
4703,5560
4704,4706
4704,5547
4700,5543
4704,5561
4700,5557
4704,5580
4704,5870
4704,5873
4704,5881
4706,5547
4706,5561
4706,5580
4706,5870
4706,5873
4706,5881
4712,4714
4712,4728
4713,4715
4714,4730
4713,4729
4715,4731
4716,4734
4718,4720
4721,4783
4722,4723
4728,4730
4729,4731
4729,4732
4729,4733
4737,4738
4732,4733
4741,4742
4739,4740
4743,4774
4748,4749
4751,4768
4750,4751
4750,4767
4754,4765
4755,4766
4758,4763
4767,4768
4793,6001
4793,5075
4793,6003
4793,5990
4794,5762
4794,5991
4794,5738
4794,6002
4794,6004
4794,5076
4798,4800
4798,4801
4798,4802
4798,4811
4799,4800
4799,4801
4799,4802
4798,4799
4800,4801
4800,4802
4801,4802
4796,4805
4807,4808
4807,4809
4807,4819
4808,4809
4808,4820
4811,4812
4811,4813
4811,4814
4811,4815
4809,4821
4812,4813
4812,4814
4812,4815
4813,4814
4813,4815
4813,4816
4813,4818
4814,4815
4814,4818
4819,4820
4822,6264
4819,4821
4820,4821
4831,4832
4834,6265
4835,5250
4834,6266
4834,6267
4836,5251
4836,5257
4839,5250
4836,5260
4836,5262
4839,5256
4839,5259
4839,5261
4836,4841
4836,4847
4838,4849
4841,5251
4839,4846
4841,5257
4841,5260
4841,5262
4846,5250
4846,5256
4846,5259
4835,5256
4846,5261
4841,4847
4835,5259
4835,5261
4835,4839
4847,5251
4847,5257
4835,4846
4847,5260
4847,5262
4855,4894
4869,4876
4869,4921
4870,4877
4871,4881
4870,4922
4873,4879
4876,4921
4877,4922
4874,4880
4882,4900
4895,4896
4895,4897
4896,4897
4899,4916
4910,4911
4911,4912
4909,4912
4909,4910
4909,4911
4943,4944
4951,4970
4955,4956
4958,4959
4949,4950
4968,4969
4980,4993
4980,4994
4981,4995
4981,4997
4982,4996
4981,5002
4982,4998
4981,5008
4982,5003
4981,4982
4981,4983
4983,4995
4983,4997
4983,5002
4983,5008
4982,4984
4983,4984
4984,4996
4984,4998
4984,5003
4985,4992
4985,5009
4986,4992
4985,4986
4985,4987
4985,4988
4986,5009
4985,4990
4985,4991
4987,4992
4986,4987
4986,4988
4987,5009
4986,4990
4986,4991
4988,4992
4988,5009
4987,4988
4987,4990
4987,4991
4988,4990
4988,4991
4990,4992
4991,4992
4990,5009
4991,5009
4990,4991
4992,5009
4993,4994
4995,4996
4995,4997
4995,5002
4995,5008
4996,4998
4997,4998
4996,5003
4997,5002
4997,5008
4998,5003
4999,5016
5000,5001
5002,5003
5002,5008
5004,5005
5007,5849
5009,5010
5013,5014
5019,5682
5024,5684
5025,5687
5025,5688
5027,5035
5027,5039
5027,5047
5027,5690
5027,5051
5028,5036
5028,5040
5028,5691
5028,5052
5027,5698
5027,5059
5028,5699
5028,5060
5027,5702
5028,5703
5028,5064
5029,5033
5027,5710
5029,5037
5027,5714
5029,5045
5028,5715
5029,5692
5029,5053
5027,5722
5028,5723
5028,5727
5029,5696
5029,5057
5029,5700
5029,5061
5029,5708
5029,5069
5029,5716
5029,5720
5029,5724
5029,5732
5030,5705
5030,5066
5030,5717
5030,5729
5031,5694
5030,5042
5030,5693
5031,5706
5030,5054
5032,5044
5031,5043
5032,5695
5032,5056
5032,5707
5032,5068
5032,5719
5033,5037
5032,5731
5033,5045
5033,5692
5033,5053
5033,5696
5033,5057
5033,5700
5033,5061
5033,5708
5034,5697
5033,5069
5034,5058
5033,5716
5033,5720
5033,5724
5033,5732
5034,5689
5035,5039
5035,5047
5035,5690
5035,5051
5036,5048
5035,5698
5035,5059
5036,5691
5036,5052
5035,5702
5036,5699
5036,5060
5035,5710
5035,5714
5036,5711
5036,5072
5035,5722
5036,5715
5036,5723
5037,5045
5036,5735
5037,5692
5037,5053
5037,5696
5037,5057
5037,5700
5037,5061
5037,5708
5037,5069
5037,5716
5037,5720
5037,5724
5037,5732
5038,5046
5038,5050
5038,5701
5038,5062
5038,5709
5038,5713
5039,5047
5038,5725
5039,5690
5039,5698
5039,5702
5039,5710
5040,5048
5040,5691
5040,5052
5040,5703
5040,5064
5040,5711
5040,5072
5040,5715
5040,5727
5040,5735
5041,5049
5042,5705
5041,5704
5042,5066
5041,5065
5042,5717
5041,5712
5042,5729
5041,5073
5041,5728
5042,5693
5042,5054
5041,5736
5043,5694
5043,5706
5026,5034
5026,5689
5026,5697
5044,5695
5044,5056
5044,5707
5044,5068
5044,5719
5044,5731
5045,5692
5045,5053
5045,5696
5045,5057
5045,5700
5045,5061
5047,5690
5045,5708
5045,5069
5045,5716
5047,5698
5045,5720
5047,5702
5045,5724
5045,5732
5048,5699
5048,5060
5047,5710
5048,5703
5048,5064
5048,5711
5048,5072
5048,5723
5048,5727
5048,5735
5049,5704
5049,5065
5049,5712
5049,5073
5049,5728
5049,5736
5050,5058
5050,5701
5050,5062
5050,5713
5050,5721
5051,5690
5051,5698
5052,5691
5051,5059
5052,5699
5051,5063
5052,5060
5052,5703
5051,5071
5052,5064
5051,5714
5051,5722
5052,5715
5051,5726
5052,5723
5051,5734
5052,5727
5053,5692
5053,5696
5053,5057
5053,5700
5053,5061
5046,5058
5046,5701
5046,5709
5046,5070
5046,5721
5046,5733
5053,5708
5053,5069
5053,5716
5053,5720
5053,5724
5054,5705
5053,5732
5054,5066
5054,5717
5054,5729
5054,5693
5056,5695
5056,5707
5056,5068
5056,5719
5057,5692
5056,5731
5057,5696
5057,5700
5057,5061
5057,5708
5057,5069
5057,5716
5057,5720
5057,5724
5057,5732
5055,5718
5055,5730
5055,5067
5059,5690
5058,5709
5058,5070
5059,5698
5058,5713
5060,5691
5058,5721
5059,5063
5060,5699
5058,5733
5059,5071
5059,5714
5060,5711
5059,5722
5060,5072
5059,5726
5059,5734
5060,5715
5060,5723
5060,5735
5061,5692
5061,5696
5061,5700
5061,5708
5061,5069
5061,5716
5061,5720
5063,5071
5061,5724
5064,5691
5063,5714
5064,5703
5063,5722
5061,5732
5063,5726
5064,5711
5064,5072
5063,5734
5064,5715
5064,5727
5064,5735
5065,5704
5065,5712
5065,5073
5065,5728
5065,5736
5066,5705
5066,5717
5066,5729
5066,5693
5067,5718
5067,5730
5068,5695
5068,5707
5068,5719
5068,5731
5062,5701
5062,5070
5062,5725
5062,5733
5069,5692
5069,5696
5069,5700
5069,5708
5069,5716
5069,5720
5069,5724
5069,5732
5071,5714
5071,5722
5071,5726
5070,5709
5071,5734
5070,5721
5070,5725
5070,5733
5075,6001
5075,6003
5072,5699
5075,5990
5076,5762
5072,5703
5076,5991
5076,5738
5076,6002
5072,5711
5076,6004
5073,5704
5072,5723
5072,5727
5072,5735
5078,5079
5077,5081
5073,5712
5073,5728
5073,5736
5074,5737
5086,5087
5099,5138
5099,5110
5105,5141
5104,5131
5104,5140
5108,5121
5108,5122
5106,5142
5108,5136
5108,5200
5108,5143
5108,5144
5109,5145
5107,5121
5107,5122
5107,5136
5107,5108
5107,5143
5107,5144
5104,5113
5111,5139
5110,5138
5113,5131
5113,5140
5114,5115
5121,5122
5121,5136
5121,5143
5121,5144
5122,5136
5122,5200
5122,5143
5122,5144
5117,5118
5117,5119
5126,5127
5131,5140
5136,5200
5136,5143
5136,5144
5143,5144
5144,5200
5146,5149
5146,5150
5149,5150
5147,5148
5154,5156
5158,5159
5163,5167
5163,5169
5167,5169
5165,5189
5165,5210
5165,5212
5165,5218
5168,5189
5168,5210
5165,5168
5168,5212
5174,5205
5174,5177
5172,5204
5175,5207
5177,5205
5189,5210
5189,5212
5194,5195
5198,5199
5198,5200
5199,5200
5211,5212
5211,5214
5210,5212
5210,5214
5210,5218
5212,5214
5212,5218
5213,5214
5222,5226
5220,5224
5229,5231
5229,5232
5231,5232
5252,5264
5250,5256
5250,5259
5250,5261
5251,5257
5251,5260
5251,5262
5254,5266
5256,5259
5256,5261
5257,5260
5257,5262
5259,5261
5260,5262
5278,5293
5278,5294
5282,5291
5282,5294
5287,5297
5291,5293
5291,5294
5291,5295
5291,5299
5294,5295
5293,5294
5293,5295
5293,5299
5313,5347
5316,5349
5319,5320
5318,5351
5322,5355
5321,5354
5324,5325
5326,5357
5323,5356
5327,5358
5327,5328
5330,5361
5328,5359
5331,5365
5338,5371
5340,5362
5344,5891
5346,5761
5346,5893
5345,5760
5345,5892
5344,5759
5358,5359
5376,5377
5380,5383
5385,5633
5384,5633
5385,5386
5384,5385
5384,5386
5385,5631
5384,5631
5386,5633
5388,5634
5388,5635
5388,5389
5386,5631
5388,5649
5388,5408
5389,5634
5389,5635
5389,5636
5389,5390
5390,5635
5390,5636
5392,5410
5392,5411
5393,5410
5392,5413
5393,5411
5393,5413
5392,5393
5392,5395
5393,5395
5391,5409
5394,5412
5395,5410
5395,5411
5395,5413
5397,5638
5397,5642
5397,5401
5398,5639
5398,5643
5398,5647
5398,5648
5398,5402
5398,5406
5398,5407
5398,5676
5396,5637
5396,5641
5396,5400
5399,5640
5399,5643
5399,5644
5398,6018
5399,5648
5399,5402
5401,5638
5399,5403
5401,5642
5399,5407
5399,5674
5398,5606
5398,5608
5399,6017
5398,5881
5400,5637
5400,5641
5399,5607
5399,5609
5402,5639
5402,5640
5402,5643
5402,5644
5402,5647
5402,5403
5402,5406
5402,5676
5402,6018
5403,5640
5403,5643
5403,5644
5403,5648
5402,5606
5402,5608
5403,5407
5403,5674
5404,5645
5403,6017
5405,5646
5403,5607
5403,5609
5406,5639
5406,5643
5406,5647
5406,5648
5406,5407
5406,5676
5407,5639
5407,5640
5408,5634
5406,6018
5407,5644
5407,5647
5408,5649
5410,5411
5407,5648
5410,5413
5407,5674
5411,5413
5406,5606
5406,5608
5407,6017
5406,5881
5407,5607
5407,5609
5407,5881
5414,5650
5417,5420
5417,5652
5419,5654
5418,5653
5422,5668
5423,5663
5424,5663
5424,5664
5423,5664
5424,5665
5422,5428
5423,5665
5423,5666
5422,5662
5423,5669
5424,5666
5423,5670
5421,5667
5426,5663
5423,5671
5426,5664
5426,5665
5423,5672
5424,5669
5426,5666
5423,5424
5426,5669
5424,5670
5426,5670
5424,5671
5426,5671
5425,5663
5425,5664
5425,5665
5425,5666
5423,5425
5425,5669
5425,5670
5423,5426
5425,5671
5425,5672
5424,5672
5421,5427
5423,5429
5426,5672
5423,5430
5421,5661
5424,5425
5423,5431
5424,5426
5428,5668
5426,5429
5424,5429
5426,5430
5424,5430
5423,5432
5426,5431
5424,5431
5428,5662
5426,5432
5424,5432
5425,5426
5425,5429
5425,5430
5429,5663
5429,5664
5425,5431
5429,5665
5429,5666
5425,5432
5429,5669
5429,5670
5429,5671
5431,5663
5429,5672
5430,5663
5431,5664
5430,5664
5431,5665
5430,5665
5431,5666
5430,5666
5429,5430
5431,5669
5430,5669
5429,5431
5431,5670
5430,5670
5431,5671
5429,5432
5431,5672
5432,5663
5432,5664
5431,5432
5430,5671
5432,5665
5432,5666
5430,5672
5432,5669
5432,5670
5432,5671
5430,5431
5432,5672
5430,5432
5427,5667
5427,5661
5433,6007
5445,5447
5440,5441
5448,5450
5462,5463
5464,5465
5466,5496
5469,5470
5475,5476
5475,5479
5476,5479
5477,5478
5481,5482
5484,5486
5485,5487
5485,5488
5485,5489
5487,5488
5484,5490
5487,5489
5488,5489
5498,5588
5498,5887
5500,5889
5501,5890
5501,5545
5501,5555
5501,5559
5499,5888
5508,5590
5507,5589
5520,5602
5518,5600
5525,5858
5525,5860
5539,5549
5538,5548
5541,5542
5541,5550
5541,5551
5540,5541
5540,5542
5540,5550
5540,5551
5542,5550
5540,5552
5542,5551
5542,5552
5544,5558
5545,5890
5545,5555
5545,5559
5546,5560
5547,5561
5543,5557
5547,5580
5547,5870
5547,5873
5547,5881
5550,5551
5550,5552
5555,5890
5555,5559
5559,5890
5564,5572
5562,5563
5562,5570
5562,5571
5566,5574
5563,5570
5563,5571
5569,5577
5561,5580
5561,5870
5561,5873
5561,5881
5570,5571
5583,5852
5583,5867
5585,5854
5582,5850
5586,5853
5582,5868
5582,5874
5580,5870
5580,5873
5580,5881
5588,5887
5606,6017
5606,6018
5607,6017
5606,5639
5607,6018
5606,5643
5607,5640
5606,5647
5607,5644
5606,5674
5606,5676
5607,5648
5607,5674
5607,5676
5606,5607
5606,5608
5606,5609
5607,5608
5607,5609
5609,6017
5609,6018
5609,5640
5609,5644
5609,5648
5609,5674
5609,5676
5608,6017
5608,6018
5608,5639
5608,5643
5608,5647
5608,5674
5608,5676
5608,5609
5613,5621
5614,5622
5615,5616
5616,5626
5617,5618
5616,5628
5618,5628
5619,5620
5619,5627
5619,5628
5619,5629
5620,5628
5625,5626
5620,5630
5627,5628
5629,5630
5631,5633
5634,5635
5634,5649
5635,5636
5635,5649
5637,5641
5638,5642
5639,5643
5639,5647
5639,5648
5639,5676
5640,5643
5640,5644
5640,5648
5640,5674
5639,6018
5640,6017
5644,5648
5639,5881
5644,5674
5644,6017
5643,5644
5643,5647
5643,5676
5643,6018
5647,5648
5647,5676
5648,5674
5648,6017
5647,6018
5648,5881
5647,5881
5662,5668
5663,5664
5663,5665
5663,5666
5663,5669
5663,5670
5663,5671
5663,5672
5665,5666
5664,5665
5664,5666
5661,5667
5665,5669
5665,5670
5664,5669
5665,5671
5665,5672
5664,5670
5664,5671
5666,5669
5664,5672
5666,5670
5666,5671
5666,5672
5669,5670
5669,5671
5669,5672
5670,5671
5670,5672
5671,5672
5673,6016
5674,6017
5674,6018
5674,5676
5676,6017
5676,6018
5677,6019
5687,5688
5688,6049
5688,6078
5690,5698
5691,5699
5691,5703
5691,5715
5690,5702
5691,5723
5691,5727
5690,5710
5690,5714
5690,5722
5692,5696
5692,5700
5689,5697
5692,5708
5692,5716
5692,5720
5692,5724
5692,5732
5694,5706
5693,5705
5693,5717
5693,5729
5696,5700
5695,5707
5696,5708
5696,5716
5695,5719
5696,5720
5696,5724
5695,5731
5696,5732
5698,5702
5697,5721
5698,5710
5698,5714
5698,5722
5699,5711
5699,5715
5699,5723
5700,5708
5699,5735
5700,5716
5700,5720
5700,5724
5700,5732
5702,5710
5703,5711
5703,5715
5703,5727
5703,5735
5704,5712
5704,5728
5704,5736
5701,5709
5701,5713
5705,5717
5701,5725
5705,5729
5707,5719
5707,5731
5708,5716
5708,5720
5708,5724
5708,5732
5709,5721
5709,5733
5711,5723
5711,5727
5711,5735
5712,5728
5712,5736
5714,5722
5714,5726
5714,5734
5715,5723
5715,5727
5716,5720
5716,5724
5716,5732
5717,5729
5713,5721
5713,5725
5718,5730
5719,5731
5720,5724
5720,5732
5721,5733
5722,5726
5722,5734
5723,5735
5724,5732
5726,5734
5727,5735
5725,5733
5728,5736
5738,5762
5738,5991
5739,5763
5738,6002
5740,5764
5738,6004
5740,5765
5740,5766
5740,5741
5740,5742
5741,5764
5741,5765
5741,5766
5741,5742
5742,5764
5742,5765
5742,5766
5743,5767
5743,5768
5743,5744
5744,5767
5744,5768
5745,5746
5747,5775
5747,5776
5747,5748
5749,5777
5748,5775
5748,5776
5750,5778
5750,5779
5750,5751
5751,5778
5754,5781
5754,5782
5751,5779
5752,5780
5754,5755
5756,5783
5755,5781
5755,5782
5757,5784
5760,5892
5759,5891
5761,5893
5762,5991
5762,6002
5762,6004
5764,5765
5765,5766
5764,5766
5767,5768
5771,5772
5771,5773
5772,5773
5775,5776
5778,5779
5781,5782
5801,5802
5805,5806
5811,5812
5838,5839
5838,5840
5839,5840
5850,5868
5850,5874
5852,5867
5858,5859
5858,5860
5859,5860
5868,5874
5870,5873
5870,5881
5873,5881
5902,5904
5903,5905
5906,5907
5905,5907
5903,5907
5910,5911
5910,5913
5911,5913
5920,5922
5929,5930
5932,5933
5931,5932
5931,5933
5937,6214
5937,6280
5937,5938
5936,6213
5938,6214
5936,6279
5938,6215
5938,6280
5938,6281
5939,6282
5940,6283
5942,5943
5941,5942
5942,5944
5942,5945
5941,5944
5941,5945
5944,5945
5943,5946
5954,6231
5954,6296
5960,5961
5990,6001
5990,6003
5991,6002
5991,6004
5997,5999
6002,6004
6001,6003
6014,6015
6017,6018
6021,6053
6022,6346
6022,6054
6023,6055
6020,6080
6020,6052
6020,6344
6020,6409
6025,6056
6028,6354
6028,6059
6026,6057
6030,6356
6030,6061
6033,6359
6031,6357
6033,6064
6035,6066
6035,6361
6037,6363
6034,6065
6036,6067
6039,6371
6036,6362
6039,6070
6040,6042
6038,6069
6040,6373
6041,6108
6041,6375
6041,6442
6040,6071
6041,6072
6042,6110
6042,6377
6043,6448
6042,6445
6043,6074
6043,6112
6042,6073
6043,6379
6043,6384
6044,6386
6044,6075
6050,6079
6049,6078
6052,6080
6052,6344
6052,6409
6059,6354
6066,6426
6066,6095
6066,6361
6067,6427
6068,6097
6068,6428
6070,6104
6070,6371
6070,6436
6067,6096
6071,6106
6067,6362
6071,6110
6071,6373
6071,6439
6072,6375
6072,6442
6071,6073
6072,6108
6073,6110
6073,6377
6074,6448
6073,6445
6074,6455
6074,6112
6075,6119
6074,6117
6075,6457
6074,6379
6080,6344
6080,6409
6076,6459
6083,6412
6082,6346
6082,6411
6084,6413
6085,6414
6086,6416
6089,6418
6088,6417
6090,6419
6092,6423
6093,6359
6093,6424
6091,6422
6094,6425
6095,6426
6095,6361
6096,6427
6098,6433
6098,6101
6096,6362
6098,6364
6098,6429
6099,6100
6099,6102
6097,6428
6099,6430
6100,6430
6101,6433
6100,6431
6101,6429
6102,6434
6102,6435
6102,6103
6104,6108
6104,6371
6104,6436
6103,6434
6103,6435
6105,6372
6106,6110
6105,6437
6106,6373
6106,6439
6108,6375
6107,6440
6108,6442
6107,6374
6109,6376
6109,6443
6110,6377
6110,6445
6112,6448
6112,6455
6113,6449
6112,6117
6111,6446
6112,6379
6113,6380
6111,6378
6115,6382
6115,6452
6116,6453
6114,6381
6114,6450
6117,6448
6117,6455
6116,6383
6118,6456
6117,6384
6119,6386
6119,6457
6118,6385
6122,6389
6122,6460
6123,6390
6123,6461
6126,6464
6124,6462
6127,6465
6128,6466
6128,6393
6125,6463
6129,6394
6135,6136
6130,6395
6145,6147
6145,6149
6145,6152
6144,6146
6144,6148
6144,6150
6146,6148
6146,6150
6148,6150
6147,6149
6147,6152
6149,6152
6158,6162
6159,6160
6176,6178
6181,6192
6182,6193
6204,6270
6207,6272
6207,6273
6205,6271
6208,6209
6208,6210
6206,6272
6206,6273
6206,6207
6209,6210
6211,6277
6213,6279
6212,6278
6214,6215
6214,6280
6214,6281
6216,6282
6215,6281
6218,6219
6218,6284
6218,6220
6218,6221
6218,6285
6218,6222
6218,6223
6218,6287
6218,6288
6219,6220
6219,6284
6219,6285
6219,6221
6219,6222
6219,6223
6219,6287
6219,6288
6221,6284
6221,6285
6221,6222
6221,6287
6221,6223
6221,6288
6220,6284
6220,6221
6220,6285
6220,6286
6220,6222
6220,6223
6220,6287
6220,6288
6222,6284
6222,6285
6222,6223
6222,6287
6222,6288
6223,6284
6223,6285
6223,6287
6223,6288
6223,6289
6224,6290
6225,6291
6228,6293
6229,6294
6227,6292
6231,6296
6232,6297
6230,6295
6236,6335
6235,6236
6238,6303
6240,6246
6241,6243
6241,6244
6241,6245
6242,6243
6242,6244
6242,6245
6243,6244
6243,6245
6244,6245
6249,6250
6254,6255
6254,6256
6254,6257
6254,6258
6254,6259
6254,6260
6255,6256
6253,6254
6255,6257
6253,6255
6253,6256
6255,6258
6253,6257
6255,6259
6253,6258
6255,6260
6256,6257
6256,6258
6256,6259
6256,6260
6257,6258
6257,6259
6257,6260
6259,6260
6258,6259
6258,6260
6262,6263
6265,6266
6265,6267
6266,6267
6272,6273
6275,6276
6274,6275
6274,6276
6280,6281
6284,6285
6284,6286
6284,6287
6284,6288
6286,6288
6286,6289
6287,6288
6285,6286
6285,6287
6285,6288
6288,6289
6300,6301
6312,6314
6316,6317
6316,6318
6344,6409
6346,6411
6359,6424
6361,6426
6362,6427
6365,6366
6364,6429
6368,6369
6371,6436
6371,6375
6372,6437
6372,6376
6373,6439
6375,6442
6374,6440
6374,6378
6376,6443
6377,6445
6379,6448
6379,6384
6378,6446
6380,6449
6381,6450
6382,6452
6384,6455
6383,6453
6385,6456
6386,6457
6389,6460
6390,6461
6393,6466
6420,6421
6429,6433
6430,6434
6434,6435
6436,6442
6438,6441
6438,6444
6438,6447
6438,6451
6438,6454
6439,6445
6441,6444
6441,6447
6441,6451
6441,6454
6444,6447
6444,6451
6444,6454
6447,6451
6447,6454
6448,6455
6451,6454
